57.82980817447379 11.947687618758978 30.67593391125669 15.206186644458151
57.830865104833805 11.947680509690704 30.67603090642043 15.207153688722642
57.83252477686229 11.94797694162136 30.67610994809833 15.208437887142574
57.83476320887472 11.948556420550412 30.676182501780147 15.210024286544172
57.83756301375787 11.949410282950081 30.676249484636756 15.211903246171032
57.84090618071153 11.950528317856417 30.676313496617475 15.214064366237615
57.84479162931379 11.951905803750261 30.676372268515912 15.216513557047643
57.84918584951451 11.9535292145636 30.676431572955536 15.21922506199539
57.85407946694486 11.955394014223213 30.67648903564663 15.222196417074969
57.85946153544019 11.957486881689476 30.676551136023452 15.225423517727318
57.86530809995607 11.95980966651933 30.676609193826128 15.228889239610625
57.87162790314525 11.962373502590909 30.676646354071476 15.232608046482863
57.878375914292306 11.96510694590587 30.676726495251106 15.236542473135287
57.885560092447726 11.968095031654153 30.67675888138436 15.240706179409235
57.893105978419044 11.971213143135632 30.676862015757813 15.245030819525564
57.90113300901332 11.974627551741783 30.67686250058131 15.249642956690273
57.90946845488698 11.978120222544396 30.676973770626457 15.254374461716148
57.918182538539455 11.981929576840637 30.676952155644532 15.259300806054329
57.92726438433209 11.985762540244245 30.67708317532203 15.264418668765819
57.936772199000714 11.989859572769692 30.677122676613855 15.269789949617108
57.946527055447326 11.994054414008884 30.677230558264757 15.275242083173714
57.95662677159265 11.998520587208372 30.67722895965945 15.280877224724868
57.96705172938327 12.0030235063291 30.677346261331206 15.286681961722945
57.97775105536361 12.007778295153066 30.677363028499098 15.292609731711437
57.98890306704127 12.012552881866169 30.677507348136622 15.298842837038535
58.00000930166475 12.017578491607175 30.67754133141609 15.304889478641527
58.01162532910869 12.022748812086038 30.677567868650563 15.31130864837206
58.02339113343258 12.028001568516615 30.677644060862956 15.317745504053011
58.035366925676776 12.033357475857919 30.677745718468827 15.324263731349996
58.04755327451932 12.039009455244909 30.67767581177771 15.330868007496695
58.06009998809213 12.044534495065134 30.67785121648756 15.33771427653942
58.07285439023637 12.050348298659259 30.67785431637526 15.344651775201843
58.085822620638034 12.056165163193372 30.67796259118837 15.35169486625638
58.098918334134076 12.062114848147017 30.678047845601668 15.358755640385363
58.11226430639285 12.068127199361285 30.678168950337543 15.36596815669402
58.12574748284317 12.074398168897801 30.678137094390376 15.373212219554963
58.139430246606366 12.080566692204949 30.67829996057906 15.380563593822373
58.15336610898645 12.086887430642523 30.678402648878194 15.388076029465767
58.167430058641315 12.093314286903585 30.67848806722386 15.395627704513903
58.181605033222546 12.099806077735645 30.678593202537908 15.403205752948994
58.196010812733654 12.106433217113269 30.67864879583036 15.410928799790042
58.21035160652984 12.113091791597476 30.678749046992774 15.418510767939608
58.225071100055075 12.119890505378011 30.678788701127825 15.426391893549251
58.23964954520232 12.126717735155047 30.678870517887788 15.43406129215947
58.2545380040518 12.133651581446763 30.678914958797307 15.44197146380776
58.269593504998134 12.140589474797688 30.67902183494165 15.449982195258762
58.284704645438126 12.147586847375528 30.679131189276898 15.457986608785772
58.29994705308241 12.154621211758132 30.67926328337252 15.466062557951826
58.314766658449976 12.161996931755567 30.679121088501923 15.473648638192493
58.330527877575506 12.168973896955656 30.679423432408086 15.482130548211808
58.345993735414666 12.176310092541566 30.67942801877954 15.490255624093557
58.3615954255658 12.183572393853098 30.679553239337928 15.498469792374777
58.377122177437876 12.191030914577599 30.67953733852396 15.506553924336295
58.39275618647829 12.198539192446395 30.67951851475874 15.51469847927317
58.40852977611089 12.206024039084374 30.679562912939303 15.522942824087199
58.42445893058583 12.21342849057712 30.679722447385057 15.53130799262363
58.44047928277803 12.220948203764326 30.679810272013036 15.539720807000638
58.45629591209803 12.228626317153214 30.679783999131093 15.547885595813701
58.47240684805674 12.236191076561193 30.679898580405535 15.556317191090006
58.48842072702361 12.243983639270906 30.679828818914203 15.564608268838498
58.50449798004635 12.25174960406448 30.679814848926746 15.57293352705508
58.5207389317158 12.259440825542947 30.679899758010798 15.581398348162113
58.53675093845408 12.267447060241555 30.67970720803228 15.589596670180235
58.55326003598665 12.274934045943878 30.680042958412606 15.59828303163016
58.56959001721058 12.282679278146784 30.68015200356582 15.606758735497962
58.58587120785412 12.29016717052072 30.68052839301767 15.615175644315674
58.60163424636708 12.297993367686173 30.680592348767615 15.623048529913309
58.617342645568414 12.305912051686644 30.68058597216463 15.630844621717165
58.632912734504444 12.313830461766038 30.68059520144403 15.638487071294383
58.648585218641706 12.32181641193335 30.680556984727158 15.646211821981183
58.66423724288488 12.329834910128163 30.68050257767386 15.65389975508288
58.679814102693186 12.337819360617953 30.680493676382277 15.661501065693033
58.695494004656396 12.345882114839315 30.680423188735176 15.669188701081891
58.710975084415196 12.353936833552313 30.680369464168006 15.676668786694922
58.72663291575337 12.362083411342915 30.68024050904075 15.684308995369703
58.74215862114086 12.370166192830299 30.680180532174774 15.691811896135789
58.75758945370798 12.378301219324696 30.68007680075563 15.699211433627646
58.77295963547636 12.386460839415061 30.67995573192685 15.706543064134408
58.788263772167696 12.394641928352225 30.679819293895612 15.71380254991989
58.80327599262528 12.4028138529498 30.679692162498508 15.720769977176952
58.818207613056764 12.41103885387327 30.67951817668484 15.72765058249865
58.83332665440297 12.419219202986021 30.679393261476836 15.73471418994012
58.847935619128165 12.427530411502046 30.679136594545326 15.741268613080818
58.86252723936312 12.435818153943 30.678904355785157 15.747804729634987
58.8767676460824 12.444096776993346 30.678675712429584 15.7539951566594
58.89083994276399 12.452417936890939 30.678404052323796 15.760017953549232
58.90503249240105 12.460760038281574 30.67811114476861 15.766161309350856
58.918802457875174 12.46910040506983 30.67781161508426 15.77189043772108
58.93207773982584 12.477447088973369 30.67749389460257 15.777136756249838
58.94499933817394 12.48581834279326 30.67714212632801 15.782038869052695
58.95762180283541 12.494199166827643 30.67676867675251 15.78665395925526
58.969054699934034 12.502559469156768 30.67638669366852 15.790108537108793
58.97885488590234 12.510921887698405 30.67596040304526 15.791972595158697
58.979790335289806 12.519296089945712 30.67533863682821 15.785155608515847
58.983077115387715 12.527759203963246 30.674643829189574 15.780674082234905
58.98242379663864 12.536432255161184 30.673641101492954 15.772350439984507
58.986932986619216 12.545141889409793 30.672686057785132 15.76910503942431
58.99211534887991 12.553948901574701 30.671635116812237 15.766531330492976
59.00338184549316 12.562603014378421 30.67083905871598 15.769939772398727
59.01504893066908 12.571172159834562 30.670119905414623 15.773756865419953
59.02592536787111 12.579699131528304 30.669414900158657 15.776811336184178
59.0083363952433 12.5713238529091 30.669848567409833 15.767163974924342
58.991204092492495 12.563105797206836 30.6701229523351 15.75797534295053
58.97508745913304 12.554706589517112 30.670586253465153 15.749794616150707
58.95859219879157 12.546492985570891 30.670850001432747 15.741249211787949
58.941968642360365 12.538418996320035 30.67095946871991 15.732590177320382
58.92605553874985 12.530040056686573 30.67137729785298 15.724638184210344
58.909892256350076 12.52182775245392 30.671615086151995 15.716449417744101
58.894203182224956 12.51344402917571 30.672023420950353 15.70873573209891
58.877776556703026 12.505391726408448 30.672080569986104 15.700304260308487
58.86231730716515 12.496943562338458 30.672540272404966 15.692833472421736
58.84657248163888 12.4886411474564 30.67284382476454 15.685087509417958
58.825724397805985 12.481810606196671 30.671591569055884 15.672322222553449
58.80696032751921 12.473851850361934 30.671496413637016 15.661612063520208
58.78846032032174 12.465863188892852 30.671429469868798 15.651167661560057
58.76942895423567 12.45795312081822 30.671270897408682 15.640204936008734
58.750351483738115 12.450042435727639 30.671105854941853 15.629203193068644
58.73189030281799 12.4420273594418 30.671050519169537 15.618812424206698
58.71356079182395 12.434014311697473 30.670990495434047 15.608555984692469
58.69547486013578 12.425971068479667 30.670960845651454 15.598542946004635
58.67720673664586 12.417942978194938 30.67091048989821 15.58835326855271
58.658655862082114 12.409934002607386 30.670833057232397 15.577888802242343
58.6389444264057 12.402027617169725 30.670624923248887 15.566291885987077
58.61689344532927 12.394247659249318 30.67022860728975 15.552417178790185
58.550657907293214 12.38669368196911 30.667708974280895 15.496255251043223
58.48080565542261 12.366939891592812 30.67378558542285 15.440080178406967
58.457006036687396 12.353411869441405 30.67743761419516 15.426156553050866
58.44301464943094 12.345295421393415 30.67773087982105 15.419988348216531
58.42904468789676 12.33723193265061 30.677993089461097 15.413819665785084
58.41508322621252 12.329271692920694 30.678162961018927 15.40764857227291
58.40092071585809 12.321626161358566 30.67800192377497 15.401292630724557
58.38705834095109 12.313653548775966 30.678210913500468 15.395193878674682
58.37311068389569 12.30587543292316 30.678232659512656 15.389002591459844
58.35916888538679 12.298177035839117 30.67818502718038 15.3828068223673
58.34541109227465 12.290296246113186 30.678352040736222 15.376762805425216
58.33154284542804 12.282661353701945 30.67828058153825 15.370600910187836
58.31781360095659 12.274946928733364 30.678316151663477 15.36455052055975
58.304266032830746 12.26714747183861 30.67846846298678 15.358650098005397
58.29042809370482 12.259571572153952 30.678412871534572 15.35244365001629
58.27698620353961 12.251994354328183 30.678379580263435 15.34661226894797
58.26335992019323 12.244439751142291 30.678363273899595 15.340556895151309
58.25016825668752 12.236836661694577 30.678416996228165 15.334914598764811
58.23670776397999 12.22945958589288 30.678268280700337 15.328979897386796
58.22347816419095 12.22199628433909 30.67825251651406 15.323229363337814
58.210550429744806 12.214460887252805 30.67834345741838 15.31774608507362
58.19719528116627 12.207236897701822 30.678147835620333 15.311810547844033
58.184388646203814 12.199838412994227 30.678180229117515 15.306370004092074
58.17139723545562 12.192595437703558 30.678090869433273 15.300710928318772
58.15868296978348 12.185349306709446 30.678052688563103 15.295280974510957
58.146156698805285 12.178107709800916 30.678054876772105 15.28999411223224
58.133467982610554 12.171034007416985 30.677938595095277 15.284495380098297
58.12125820472076 12.163907160224738 30.677928670361002 15.279422374135004
58.108788541082816 12.156959228282144 30.677786413097557 15.274042899703074
58.0966437136396 12.149979169688066 30.67773927933205 15.268925264619499
58.08473986266601 12.143046078657838 30.677700731733033 15.263993052275215
58.07301974402511 12.136176258906994 30.67766109338445 15.259182391733637
58.06130335009774 12.129431431255638 30.677558492811436 15.25431342603063
58.04992869297714 12.122696698297723 30.677514832705384 15.249717161974026
58.038555236998924 12.116063234431806 30.677436358441646 15.245055644125417
58.027300842990904 12.109538352820106 30.677319418791296 15.240443071379486
58.016286283024606 12.103114423194022 30.677174036224272 15.235997823606361
58.005771847332845 12.096548295826686 30.677258287472437 15.231965264033713
57.994882128934016 12.090309818406427 30.677090955608357 15.227481354919254
57.985051051672215 12.083917067880531 30.677163421854857 15.223970561936873
57.97443845503858 12.07794984074583 30.676890213985317 15.219598400307463
57.96437659180388 12.07191219159365 30.67678099513591 15.215683405074259
57.95481729263028 12.065964313509724 30.676676327269846 15.212176651850774
57.945171969850634 12.060172445762356 30.676510970922756 15.208488553165564
57.93612212456833 12.054274182788806 30.676559052443693 15.205288889335819
57.9269417900522 12.048679873647103 30.67640629965588 15.201855616749231
57.91821937198895 12.04314878363025 30.67629260929175 15.19877797906691
57.909594315091674 12.037736702194945 30.67617451480912 15.195683098087603
57.901819827207646 12.032255512674572 30.67624530396919 15.193319010563915
57.893605405367886 12.027141222337706 30.67606332132873 15.190400861701416
57.88608517603382 12.022059201525302 30.675975107367385 15.188050867141175
57.87895177107995 12.017009892953023 30.67598618884031 15.185955689286624
57.87163833083156 12.012244173583023 30.67584320793289 15.183550949315594
57.86507304298939 12.007572727944531 30.675739799983695 15.181760515061178
57.85914812204388 12.002863049780386 30.675822070118603 15.180463002144904
57.853062853042246 11.998478534761265 30.675725043665913 15.17885927461503
57.84733870769993 11.994204043166205 30.67566977003739 15.177464894496381
57.84207418719217 11.990088731565876 30.675610636397778 15.17637481922852
57.837122044254905 11.986119645735732 30.675566938203747 15.175435460315398
57.83264066859117 11.982301898011 30.675537594965267 15.174801175614911
57.8279663956585 11.978830708582745 30.675336355798702 15.173799331277037
57.824950556941616 11.975174309078305 30.675492788067846 15.174283459795436
57.82171884498706 11.971858442558943 30.675493634089037 15.174366768339063
57.81895090662613 11.968732536952226 30.675493233985428 15.174725135688552
57.816689593555594 11.965781315824458 30.675512867372248 15.175395410358869
57.814884894010135 11.963033953565796 30.67552916656503 15.17632177387933
57.813500250600136 11.960493489540351 30.675545157056415 15.177461604003321
57.81264764097973 11.958153588953722 30.675573112374963 15.178920939651055
57.81231967332111 11.956028496200348 30.67560574532922 15.180685431791566
57.81251209304413 11.954133334833694 30.6756345235065 15.182744234703916
57.81313308165102 11.952478961352414 30.67565540446604 15.184998715832599
57.814464536258704 11.9510261598604 30.67571422295177 15.187724153446593
57.81639335046496 11.949827644878845 30.675765074114235 15.190800631471854
57.81869578735406 11.948902183694893 30.67579765711067 15.193995946548549
57.82174780298607 11.94821542617558 30.67585300934927 15.197679367461165
57.82545673684517 11.94779662148465 30.675909428020496 15.201750687340024
57.82980116578601 11.947666033197024 30.675954407315622 15.206180725273361
