35.76919053371026 12.143571106661406 11.317467773193444 12.308151653855415
35.769211795440974 12.143881512567006 11.317432716620187 12.307897566253757
35.76953249472209 12.144121494808783 11.317522443153294 12.307888556760028
35.76888951590966 12.142456603976628 11.318552470349836 12.307880441583197
35.768503744540126 12.140739136263411 11.31974612758563 12.30801848069107
35.768921852652554 12.139540278233397 11.320850605644733 12.308530968774432
35.769873864038985 12.138422721995367 11.322048571761057 12.309402570282558
35.771145885036226 12.137178387717071 11.32343425641911 12.310533240900046
35.77273047206719 12.135861481452494 11.324962033293318 12.31190695732138
35.77461775007527 12.1343503575474 11.326723548866763 12.313543843661135
35.776799098699165 12.132706824147219 11.328666958667768 12.31542531588418
35.77926441802725 12.1307578590433 11.330917316077059 12.31758924290686
35.78200281558685 12.128560952261763 11.33343393739934 12.32000792592574
35.784943780715274 12.125853555862372 11.33633410253592 12.322756122316987
35.787979867388685 12.122490441494179 11.339642181051008 12.325847244843494
35.79120428069836 12.118790869355385 11.343254112922892 12.329159298420107
35.794612573031856 12.11474310722684 11.347180059015459 12.332689406789592
35.79818795834747 12.110278952138536 11.351458308368109 12.336450697840846
35.80192328249231 12.105367915679714 11.356110919521315 12.34044444729128
35.80580701043522 12.09995473086636 11.361174194097922 12.344678085470939
35.80982325183165 12.093958176571066 11.366699398550127 12.349165676710474
35.81396202697431 12.087314712678983 11.372732118952326 12.353915195342989
35.81820724883707 12.07992328827594 11.379340254860209 12.358943705700908
35.8225489436765 12.071696015585761 11.38658901670689 12.364263911383869
35.826966136520575 12.062479627569333 11.39458267629271 12.369903832658553
35.83144138716986 12.052114078456494 11.40343612118275 12.375891187530627
35.83595509214655 12.040400320523014 11.413292939997179 12.382261831626382
35.84048492856258 12.027092775717424 11.424332223420093 12.389059929425079
35.84500388061107 12.011858502186511 11.43679783791314 12.396347540511433
35.849480674930525 11.994306761456768 11.450978302278811 12.404195611194961
35.853883075743795 11.974003403765884 11.46719962374481 12.412680048233138
35.858165091401524 11.94995626463302 11.486210018131352 12.421998808637161
35.862277841756885 11.921327917007266 11.508652215829326 12.432297708920288
35.86616242635791 11.887361792799128 11.535114197687445 12.44368643587132
35.86973729190115 11.84497796930327 11.567982929141507 12.45677639345637
35.872903531239274 11.791599742657848 11.609306144154916 12.471997644426512
35.87552849321462 11.72202568914037 11.663238024668184 12.49026477940608
35.87743357088428 11.629247442225415 11.735488732215607 12.512697396443256
35.87837674248905 11.500895606316995 11.836280053596493 12.54120108257555
35.87808605597075 11.326513732923175 11.974796001688505 12.576776321359072
35.87646051360167 11.130817652068227 12.131854496280845 12.613788365252585
35.873730008731776 10.951615522481797 12.27650996857873 12.645604517671263
35.870245908081166 10.806542666903713 12.393562393818033 12.670140847359418
35.866264405583145 10.685851885079922 12.490644883703364 12.689767636799864
35.861951792214384 10.582343268126422 12.573563166747196 12.706045357340754
35.857419660981236 10.494194405566102 12.643676628590176 12.719548626824963
35.85273681155958 10.414019146110268 12.707210190981966 12.731507474467326
35.84795845485197 10.342401921449845 12.76359104638768 12.741965487014431
35.84312308057326 10.27734347420547 12.814490229354274 12.751289377013514
35.83825800918325 10.216426362015232 12.861972593989524 12.759859053178497
35.83338607779373 10.159532437557283 12.906122006901311 12.767731633335124
35.82852584706773 10.106635043296457 12.9469358653113 12.774954938459972
35.82369001195211 10.055882322034572 12.986025960245783 12.78178172967177
35.81889059369325 10.007994381430263 13.02274832553812 12.788147886724872
35.81413769118238 9.962438822438283 13.057556406680481 12.794142462063627
35.809437733914336 9.918483107971877 13.091095817792542 12.799858808149905
35.804799576016315 9.877289428878578 13.122316189649407 12.80519395748832
35.80022641300417 9.836781141222747 13.153062121655983 12.810383150125462
35.795723583540976 9.797828760411518 13.182555464453733 12.815339358675725
35.791294160654225 9.7597976240259 13.211360219224694 12.820136317403625
35.786943948570794 9.724061585097042 13.238232770575989 12.824649592897748
35.78267398678943 9.68862352662849 13.264958690770328 12.829091769390626
35.77848609507932 9.654196331247897 13.29090479722563 12.833384966605788
35.77438238947264 9.620284202289074 13.316512103396336 12.837586083787215
35.770366608894506 9.587985343580922 13.340779602444048 12.841601662869557
35.76643883842963 9.556325527007536 13.364586533289936 12.845526778132154
35.762600365477 9.525206824264442 13.388018812767472 12.849374728445094
35.758852269674804 9.494634229340855 13.41107245422086 12.85314558611308
35.755196042068086 9.465133202989149 13.43326415640494 12.856798682674016
35.751632215553336 9.43614831819528 13.455095984921952 12.860387912436082
35.748161319118296 9.407713941568304 13.47653540173226 12.863911975817743
35.74478323787555 9.379463956356032 13.49791961794101 12.867399663578531
35.74149910389844 9.3518420795619 13.518837853078937 12.870819171257622
35.738310417507705 9.325629481295739 13.53856672225617 12.874114213955819
35.73521527840493 9.298627338437205 13.559124356278065 12.877463583689671
35.73221557228587 9.273132693305332 13.578404506104892 12.880678372875648
35.72931070484008 9.247772920877685 13.597659125093463 12.88387865886893
35.72650008776168 9.222290628781982 13.617131946304829 12.887077512674882
35.723785357344596 9.198058635874382 13.635549181410267 12.890177540059934
35.72116441234431 9.17310239948518 13.654739642138784 12.893322370720323
35.71863975116909 9.149831233671073 13.672465389236582 12.896343128261432
35.71620949993554 9.126227260737693 13.690595956416539 12.899386282781306
35.713873828393226 9.10295673058462 13.708515840143487 12.902401257665131
35.711632890239514 9.080100196390026 13.726145242436095 12.905387451413386
35.70948571700812 9.057194440668601 13.743920415284688 12.908370861054813
35.70743306257386 9.034924761072114 13.761193723441119 12.911314578060644
35.70547482098667 9.01339214891732 13.777874557440752 12.914208114628604
35.70360982280772 8.991476305496692 13.79500316913823 12.917130348172789
35.70183854513164 8.97027636203072 13.811554986458095 12.920007196642832
35.70016041167769 8.949268201113409 13.828016421224309 12.92287578933999
35.69857491446621 8.928293179651988 13.8445392491585 12.925742485655729
35.697082281182915 8.907793524663836 13.86070194257385 12.928586813945213
35.69568203408565 8.887975019105358 13.876311523718414 12.93139549126189
35.69437341821583 8.867935145892263 13.892217304058455 12.934220968265109
35.69315617147417 8.848030569637592 13.908084593565663 12.937041008270931
35.692030156839245 8.828527386819099 13.923658894472934 12.939843875547218
35.69099491166973 8.809186080939218 13.939166963489342 12.942641867241154
35.690050450516644 8.790436525145811 13.954196261987574 12.94541766338326
35.68919556560449 8.771343668497574 13.969636578447732 12.948215318659187
35.688430780143975 8.75303807522506 13.984412177553754 12.950980527365132
35.687754929973934 8.734604456112903 13.999393572670723 12.953756901190298
35.6884290617171 8.749220065583978 13.988072419461236 12.95113657667188
35.6891941922801 8.767770906741722 13.973085227160674 12.948338058377718
35.6900496256655 8.786385951710589 13.958111350196042 12.945552323758884
35.69099447476839 8.80608420644601 13.94218675313193 12.94272351519044
35.69202969280602 8.825545986897142 13.926566697202936 12.939917008705935
35.69315612291591 8.844531718290423 13.911481955174523 12.93714244945094
35.69437320864231 8.864508533089296 13.89554529166844 12.934319383884555
35.69568180000755 8.884543030942023 13.879639277314302 12.931499491751225
35.69708243529662 8.904685049878644 13.863723506322744 12.928673879095246
35.698575160593656 8.925207713309776 13.847533210448223 12.925834236835648
35.70016035937158 8.946055446528959 13.831128249761578 12.92297666308104
35.70183894878296 8.96656825201043 13.815129493988424 12.9201412027841
35.703609792195685 8.98850780269426 13.797880538365101 12.917221451136351
35.705474755779306 9.009791255247686 13.781339672405329 12.914343828126277
35.70743354291375 9.031486883945357 13.764507037944387 12.911439621024002
35.709485619657556 9.054098553912423 13.746908291819285 12.90847877392586
35.711632354040205 9.076453250632838 13.72964673213466 12.905532371272717
35.71387369801377 9.09901104659252 13.71229064724748 12.90257200417379
35.71620915372254 9.122474331109544 13.694187598097392 12.89954722451559
35.718639277649565 9.146171716246348 13.67596300267835 12.896504558724885
35.72116469264347 9.169812213549996 13.657891097047544 12.893461382045938
35.72378477074872 9.194191241908129 13.639232897485279 12.890360631355318
35.72650008684406 9.21870614050491 13.620549054277353 12.887244892061798
35.72931006123769 9.244020708463898 13.601227769679781 12.884061583094013
35.73221497750009 9.26961573686106 13.581747139415073 12.88085210122395
35.7352151065763 9.295406802307097 13.562191755232009 12.877616549037187
35.73830969303762 9.321931615036945 13.54206597510722 12.874312102893429
35.74149949926474 9.34840812125992 13.522091076308671 12.871000301696162
35.74478356344067 9.375561609566681 13.501602453257709 12.867619500616275
35.748160765669404 9.403844892150042 13.480183540863138 12.864132332656219
35.7516318858349 9.432190330053679 13.45881794537013 12.860623610411098
35.75519549276758 9.461480461399097 13.436700112237862 12.85701491913063
35.758851964602144 9.490957720663681 13.414524631545344 12.85336961239311
35.76260044882602 9.520766563767516 13.392163477259032 12.849670407799497
35.76643890445227 9.551945716883315 13.368670390279135 12.845822797289808
35.7703670797366 9.583504917202012 13.344949372214163 12.841912790320432
35.77438289474062 9.616297730983717 13.32022777512936 12.837857388627558
35.778485036658424 9.65005196459245 13.294756175608445 12.83367689645751
35.7826732356786 9.683787064520521 13.269427573337396 12.8294585978207
35.78694423420264 9.718785665568852 13.24308430951346 12.825074259120342
35.79129458669946 9.755677069676777 13.215164654489847 12.820452862532855
35.79572270593964 9.793544195355816 13.186499216863908 12.81567929371993
35.80022608840982 9.831589436327848 13.15780679510573 12.810829856976245
35.80479937363032 9.871743226155415 13.127364144355255 12.805692003119633
35.809438841489 9.913097419804703 13.095989741819356 12.800351679864942
35.81413767615443 9.95684214666009 13.062626996959738 12.794668532534581
35.81889098746242 10.001892279923359 13.028252232226915 12.788746475312172
35.823689905174824 10.049621343067887 12.991656785808928 12.78241177629801
35.8285249692982 10.099770474549896 12.953075287445865 12.775679207302424
35.833386690578756 10.151697235780325 12.913093772470845 12.768595682327593
35.83825808870221 10.208459898644087 12.869036182841045 12.760762007217085
35.84312241200481 10.268890288636696 12.82194465901092 12.752287464357195
35.8479589075682 10.333145241033483 12.771712523024881 12.743101143509868
35.852737185238226 10.403895537099649 12.716045727084092 12.732795921054498
35.85741841944991 10.482149335038827 12.65411618491759 12.721152899493488
35.86195147410876 10.56983612809368 12.584332905344452 12.707782440670625
35.86626295179055 10.66991947956765 12.50425425888485 12.692089213338052
35.870245839615926 10.785180383093987 12.411647861827246 12.673417594694683
35.873730054864254 10.927127837392737 12.297040824136303 12.64956139333525
35.876459455133656 11.099094156922547 12.158118351384623 12.61924694682647
35.87808559548802 11.296091201829427 11.999631464740101 12.582362928918457
35.87837571236644 11.47738451248869 11.855207534782696 12.545783665095048
35.87743267275493 11.614482119451319 11.747239007121532 12.515711546182077
35.875527706784894 11.712145001224918 11.671027938197437 12.492354767362528
35.872901492666166 11.784448452130317 11.614898755715723 12.473554284820132
35.86973308064781 11.840554542061492 11.571418713018058 12.457759825568264
35.86615823491718 11.883700110263737 11.537938237913727 12.444519886739716
35.862274270107626 11.919216457937203 11.510270663989328 12.432787148181083
35.85816031990574 11.948320768344729 11.487452743335956 12.42238680822507
35.853878283851984 11.972652306614101 11.468215952872594 12.413010024365278
35.84947787446188 11.993516132856733 11.451562349162954 12.404399392442176
35.84499990058239 12.011395239714824 11.437126419479789 12.39647824138776
35.840483220731485 12.026669125472779 11.424623778214254 12.38919031704446
35.83595295658779 12.040110199558411 11.41347636815571 12.38236638887365
35.83144016094611 12.051823186541142 11.403611030711208 12.376005943693766
35.82696593525364 12.062168331640917 11.394763061394587 12.370034542218153
35.82254704481866 12.071376157735719 11.386764843306619 12.364406043776325
35.818206809306645 12.079566952929351 11.379532983470753 12.359106872906532
35.81395908927043 12.086900757361658 11.372952324517428 12.35410600739137
35.80981798269866 12.093486328546238 11.366947110997799 12.349384543154642
35.805801319549694 12.099411440825785 11.36145634488331 12.344933533840635
35.801917747867705 12.104752776351576 11.35642720526206 12.340737766254056
35.79818478437618 12.109568697545157 11.351819777522879 12.336796309308161
35.794601447580355 12.11391786137506 11.347594546591925 12.33308903961337
35.79119171531396 12.117835463437377 11.34372803061939 12.329628221257183
35.787941149487075 12.121372922096809 11.3401867527717 12.326381474618561
35.78491769843798 12.124524702863468 11.336973823417452 12.323419172157072
35.78206894236129 12.127354292524934 11.334048749235093 12.320665900601268
35.779433875407236 12.129868152690893 11.331407850513147 12.318157872203189
35.7770232965461 12.132087270525224 11.329038673735104 12.315897352285768
35.77484917680282 12.13403158845278 11.326929661949503 12.313887926400524
35.77292768654055 12.135721213258195 11.325070017192168 12.312136456090172
35.77128881908895 12.137183311416727 11.323446375053337 12.31065913261887
35.76996226014587 12.138454869740293 11.322041108644674 12.309466281760871
35.76899730236896 12.139594556441336 11.320827833259642 12.308574912667979
35.76835998827016 12.140597604214115 11.31980971956229 12.307952664493758
35.76805439623449 12.141466869137526 11.318987604724558 12.307599922372404
35.76808593573312 12.142245363743598 11.318325693342931 12.307514878646574
35.768462515826556 12.142899558088576 11.31785798122656 12.30770497651143
35.76919039552742 12.14344891853492 11.317567847002111 12.308173629990387
