35.12243389966017 12.141754170449605 10.672137664333206 12.308542064877368
35.12209603253468 12.140710181467128 10.672645414344206 12.30874043672332
35.12144724318826 12.138748672915048 10.673706241995774 12.308992328277448
35.12138227639901 12.137063485663356 10.674768423382616 12.30955036735304
35.12009536541167 12.133118582249182 10.676975401720373 12.31000138144212
35.11952977020058 12.129580218412816 10.679094167345447 12.310855384442348
35.11947191027002 12.126241655787737 10.681224784747856 12.312005469734412
35.11976638422766 12.122913003613553 10.683448576646029 12.313404803968098
35.12037483782663 12.119566098671369 10.685773812814416 12.315034926340864
35.12130233357239 12.116241377856298 10.688180343809371 12.316880611906738
35.12252190062935 12.112917062085392 10.690673438741724 12.318931399802235
35.12401440537991 12.109581625170966 10.693253498887236 12.321179281321728
35.12577722459905 12.106251411976462 10.695910843668665 12.32361496895392
35.12778764220543 12.10290615217266 10.698647120999262 12.326234369033518
35.13009180966064 12.099650228380364 10.701424622150968 12.329016959129321
35.132607168765595 12.09634472908894 10.704286560332326 12.331975879344332
35.13540960844839 12.093198813111906 10.707142060831513 12.335068734504995
35.13839176614478 12.089889459419968 10.710145891506441 12.338356415218374
35.14166157398515 12.087039502979486 10.712934583860234 12.341687487145414
35.14514313652354 12.083751080791389 10.716105157606181 12.345286898125977
35.14882488960334 12.080578523522837 10.719245243938254 12.349001122142251
35.152743183383045 12.077862526098338 10.722142911671119 12.352737745613604
35.15687011763503 12.075084023133616 10.725154707233676 12.356631387267731
35.161193360360116 12.071979661210685 10.728464564089482 12.36074913505995
35.1657125949925 12.069057008087473 10.731706185045809 12.364949401859208
35.170426079565985 12.06636256661453 10.734848216972718 12.369215295978735
35.17532698672498 12.063666438160155 10.738053236547293 12.373607312017526
35.18041555358617 12.061537640574524 10.740916768339204 12.377961144672447
35.185675247668854 12.058585238728089 10.744425127843526 12.382664881097257
35.19110868219616 12.056036960603924 10.747701852004761 12.387369869587495
35.19671119442618 12.053725109742174 10.750863378536542 12.392122706147443
35.20247499084511 12.051231761158391 10.754214677627768 12.397028552058941
35.2083976484903 12.048960386849062 10.757458029878757 12.40197923176247
35.21447270034087 12.046562943424425 10.7608405177939 12.407069239122556
35.2206970916924 12.044412139540748 10.764096193551444 12.412188758600209
35.227065616389986 12.042377060395461 10.767319071931299 12.417369484063238
35.23357308728481 12.040271601916643 10.770639624241635 12.422661861126523
35.24021462405198 12.038172863002838 10.773994667766372 12.42804709328276
35.246986590925786 12.036184425922228 10.77731819122192 12.43348397378163
35.25388332953753 12.03419211388466 10.780680814392275 12.4390104012606
35.260902752862954 12.032481709895379 10.783891419739922 12.444529623227673
35.268034217997894 12.030325426690018 10.787438117999459 12.4502706733084
35.275277706780976 12.028462091091319 10.790820134316112 12.455995481373574
35.28260912333814 12.026310723030146 10.794428155225974 12.461870245082034
35.28994559093036 12.02396647300318 10.798164902031424 12.467814215895775
35.29732458232733 12.021453143416421 10.802016968975527 12.47385446993541
35.304863723830145 12.019333462354474 10.805644399042114 12.479885862433553
35.31245182289775 12.01708611620318 10.809368502545196 12.485997204149387
35.32017382897706 12.015094445562658 10.812954670344933 12.492124713069446
35.32796483306105 12.0130822789186 10.816571109668688 12.498311444473751
35.33581539826656 12.011034696628084 10.82022294276837 12.504557758870112
35.3438259036411 12.009395053099054 10.823641691083202 12.510789159458852
35.351880750425984 12.007524329749224 10.827226077418217 12.517130343258554
35.359955023758644 12.005578485581543 10.830860738338297 12.5235157998388
35.36818820441498 12.004137284330211 10.834200014794046 12.529850905290715
35.3764691670445 12.002324955949971 10.837788084911192 12.536356126183325
35.38482747080497 12.00077878329477 10.841223603334038 12.542825084176163
35.39323153599861 11.999034233868523 10.844798842734201 12.54939845939589
35.401707986498195 11.997493984343913 10.848255317947467 12.555958684206823
35.410224626222664 11.995746619581258 10.851855314410473 12.562622692230924
35.418796040721595 11.994073867937404 10.85541872558359 12.569303447200571
35.42742706975745 11.992481364928185 10.858936541453081 12.576009163376177
35.436101459317186 11.990819138332837 10.862508367690825 12.582773953293533
35.44482111405884 11.989143025550652 10.866099421324945 12.589578667183243
35.45358856144946 11.987537016219308 10.869651175154848 12.596400370075315
35.46238833316796 11.985775443082934 10.873314203546089 12.60329868653894
35.47122875131311 11.98406280720862 10.876953441472402 12.610212502632116
35.48009957550531 11.982253422266494 10.880668141582076 12.617178011656735
35.489010032113804 11.98054894003061 10.884311406776396 12.62414968530679
35.49793644976557 11.978534420773709 10.888188866401011 12.631213162590871
35.50690181241888 11.976762005987952 10.891892455728826 12.638247350702088
35.51587611944 11.974544999700171 10.89593605452625 12.645395065213586
35.52488522303481 11.972651976660126 10.8997365130348 12.652496733339895
35.53389537531606 11.97017180668179 10.904002951597608 12.659720617036662
35.5429156720826 11.967343166015857 10.908578448265926 12.666994057800812
35.55196047431947 11.964908978738297 10.912809621598482 12.674241873982693
35.560982596096345 11.960840178178593 10.918423997983853 12.68171841993389
35.570029817869596 11.95778652567604 10.92315675334914 12.689086538844395
35.579032096030545 11.951963830674588 10.93021346612809 12.696854799227896
35.58800134830684 11.944113717057506 10.938914441641954 12.704973189607394
35.596831204659104 11.925662984282653 10.956259130210608 12.714909090165845
35.5922655876344 10.45134665793993 12.194908287654494 12.946010642039981
35.595572806968214 10.396909220179742 12.24230849436248 12.956355092425996
35.598857350884494 10.34421049101037 12.288346495430154 12.966300364443953
35.60215065183028 10.299198914903558 12.327701244607843 12.975250492318887
35.60545710471392 10.258827602297405 12.363044858003137 12.983584644413376
35.608774377994614 10.219683236157945 12.397407198087777 12.991683943748901
35.61212913569603 10.189443685906967 12.423888508703248 12.998796941085807
35.61550239005958 10.158596432321099 12.451006434176838 13.005899523561647
35.61890471781396 10.129604258335545 12.476503390262337 13.012797069216065
35.62231844295971 10.09785447844643 12.504637291285755 13.019826673227522
35.625786559620714 10.076249614396454 12.523630174189105 13.025906771035125
35.62927829322139 10.051899416675466 12.545189376193287 13.03218950035265
35.6327947192862 10.02624623953701 12.56800034254473 13.038548137204478
35.636356266776474 10.00670753212777 12.58531248153662 13.04433625311208
35.63993879024051 9.982691526471001 12.606747063081619 13.050500200687868
35.64355932385529 9.96231594158978 12.624940531579794 13.05630285068573
35.6472143901085 9.942874062697031 12.642320778459265 13.062019548952197
35.650905709985516 9.924723909644387 12.658531769201208 13.067650031139909
35.65462081848977 9.904515759325784 12.676785845199825 13.073319213964144
35.658383255102905 9.890945383959176 12.689012489749514 13.078425381394204
35.654604613356135 9.894645806313571 12.685587892312158 13.074370914730387
35.65086954418473 9.903277883592127 12.67803183960977 13.069559820982825
35.64717713612347 9.912899074973621 12.669492703252999 13.064785357896822
35.64352219353666 9.9258587509763 12.658087916768652 13.059575525791729
35.63990622782387 9.939646247028023 12.645880267839482 13.05437971295637
35.63632488565577 9.956614823693856 12.630864896446045 13.048845165515882
35.63277864275364 9.974636982722306 12.614863143668185 13.043278516363126
35.62926542130996 9.994096033502663 12.59759553641408 13.03757385139324
35.625782826188505 10.015332338184393 12.578768438138662 13.031682049865443
35.62232391606033 10.04046972330631 12.556452525750625 13.025401667003388
35.6188974493937 10.065087139559886 12.53468772350054 13.019122586333257
35.615494142440994 10.093867921441118 12.509247671751988 13.01237854924789
35.61212269204796 10.120559101187235 12.485733249939575 13.005830340921154
35.60878073154077 10.14802475972315 12.461626358873435 12.999129612944179
35.60544567133035 10.183268435069802 12.430573832190825 12.991603404069709
35.602141645741476 10.215268390840313 12.402554766195111 12.984318488706066
35.5988453975096 10.252442525402454 12.36997685500695 12.976426017100207
35.595550672783546 10.293380013748262 12.334148567613047 12.96802209142224
35.592258270202734 10.336193487117933 12.296760404720189 12.959304378364624
35.588936309264 10.38760811345659 12.251853722541293 12.949474473266122
35.5855590768273 10.45153885124586 12.196032935202748 12.937987290378706
35.58211090755199 10.523371862870928 12.133473397291654 12.925265647389434
35.578469892353105 10.629520194526084 12.041123787344537 12.907825910482476
35.56110475871396 11.943841432746643 10.932696464865458 12.684566861101855
35.55205979762596 11.950772313865993 10.924761086143835 12.67652639761611
35.54300402392227 11.957254333119057 10.917166926520245 12.668582764282984
35.533954561664444 11.962493226524359 10.910581761083902 12.660879574056196
35.52491265192898 11.967016019981724 10.904574496043141 12.653322135904107
35.515904522011866 11.969970973113785 10.89988477327022 12.64604877562785
35.506906180941584 11.973019815076716 10.895106736356453 12.638779629508413
35.497937188973985 11.975467196125082 10.890831068717915 12.631638924130954
35.48898104231632 11.978158990674036 10.886342669948245 12.624479381694037
35.48005801742073 11.98045010084373 10.882190490212174 12.617417426364844
35.47116962647262 11.982474130517028 10.87826919741059 12.610426298544999
35.46231410872913 11.9843972183704 10.874426102235072 12.603490788123636
35.453497241414375 11.98617447399637 10.870707832244314 12.596614935173676
35.44470801585434 11.988269272958336 10.866750757037837 12.589687985858175
35.43596765507726 11.990028886574635 10.863057203533765 12.58288156496889
35.42727550123414 11.991618982551596 10.859504733043439 12.57615178563912
35.418631001681284 11.993195112588355 10.855977372684222 12.569458516408687
35.41003335824815 11.994920781930949 10.852360256733443 12.562752319583753
35.401489596977534 11.99654162370369 10.848821996984089 12.556125976289767
35.39299959267649 11.998266081556531 10.845229470768748 12.54950404035122
35.38457523982488 11.999494982588548 10.841974721343119 12.543105535893238
35.37620731407926 12.001332171767617 10.83835139852628 12.536523743785363
35.367906923406395 12.002840642514785 10.834952497174688 12.530113783716923
35.35967603468078 12.004202990547428 10.831657848237555 12.523815195895802
35.351513059417194 12.005948959955084 10.828143014783194 12.517421084678922
35.34342342478027 12.007689986324252 10.824643976038534 12.511089462417482
35.335412268008014 12.009293582239382 10.821251364265498 12.504867321503163
35.327482514088096 12.010877178310963 10.817888467191507 12.498716868585609
35.31963361737809 12.012793975872011 10.814339039164931 12.492500602341156
35.3118744420176 12.014395950883921 10.811011518374867 12.48646697275881
35.304204805228466 12.016246007313404 10.807555571781805 12.480403226133273
35.29662869853642 12.018080558501753 10.804116613961414 12.474431526073255
35.28915090496511 12.019820824271438 10.800774609720238 12.468555470973422
35.28177394191964 12.021644225146254 10.797405615631002 12.462724101142385
35.27449971676309 12.023834275037128 10.79382244614937 12.456842995576594
35.267336416467835 12.025481086255425 10.790630252277523 12.451225077934891
35.260283565897964 12.02750686872551 10.787216291082062 12.445560406090406
35.25334585642934 12.029699842703506 10.783726233338607 12.439919780387239
35.246527846708936 12.03181096980311 10.780322967992728 12.434393908913101
35.23983342723033 12.033916104675816 10.77696107774745 12.428956244807058
35.23326738512964 12.03591125001818 10.77371046240073 12.423645672710729
35.226831000925465 12.038343014625124 10.770204586991872 12.418283399308455
35.22053061656089 12.040674573999999 10.766808694079858 12.413047348481028
35.214370168298544 12.04298111975477 10.763470042274626 12.40791900626916
35.20835159492891 12.04575843023748 10.759856176234933 12.402736988456505
35.202481545084126 12.048544866042944 10.756281986916223 12.39765469212496
35.19675925388951 12.051216184719557 10.752787167430231 12.392755901739694
35.19119154182723 12.05393757816922 10.74933311080193 12.387920852856077
35.18576606659874 12.056836165860663 10.745781041312458 12.383148859425607
35.18045624608371 12.06001744208075 10.742025534920892 12.378413269082078
35.175290777195414 12.063205877569128 10.738303392531696 12.373781507094593
35.170378401115265 12.065944527554128 10.735057825998966 12.369376047562154
35.165654204544936 12.068727249458602 10.731844879477327 12.365082075609003
35.16112204924651 12.071505448672795 10.728698407561373 12.36091819301235
35.156787434485004 12.074237809705167 10.725650336737216 12.356899288042595
35.152656307701285 12.076828909418822 10.722771101193757 12.353056297088715
35.14873132797047 12.079904541364629 10.719609715573455 12.349217071032406
35.145020468396304 12.082808140902022 10.716643394747022 12.345568932747225
35.141527894597616 12.08578967050725 10.71369300687277 12.342045217217583
35.13825913275799 12.088867558420203 10.710739588788043 12.338651985549737
35.13521888234079 12.092171641674886 10.707697876192478 12.335349364473426
35.132414317129566 12.095394750435158 10.704787913959464 12.33223165273495
35.12985063519918 12.098618533100748 10.701952551313537 12.329279550784905
35.12753349569501 12.101852370918541 10.699188048277874 12.326493076498599
35.12546843395368 12.105083311145629 10.696502182247503 12.323882940560532
35.12366069125908 12.108398863907018 10.693832385736684 12.321429441615388
35.1221173250383 12.111546350334306 10.691365889705262 12.319205084998746
35.12084200933453 12.114921069957736 10.688810315822584 12.317110623554203
35.119841777481945 12.118213979317419 10.686397297799292 12.315230500365221
35.11912374684967 12.1211994866165 10.684293697390824 12.313630562842336
35.11869193974242 12.124248198356234 10.682223770693739 12.31221997069245
35.118550998745455 12.127412133228 10.680148267056571 12.310990598460904
35.11870912589099 12.130400084635841 10.678296998025738 12.310012043229383
35.11917144072543 12.133272968244778 10.676607148899016 12.309291323581638
35.1199441253182 12.135964850181256 10.675138925300283 12.308840349836652
35.12102898772436 12.13883762578623 10.67361064143393 12.308580720504208
35.12243390029121 12.14175233525469 10.672139185270856 12.308542379765669
