53.3045037138225 12.487955568389797 24.569944916281457 16.246603229151212
53.303484580956024 12.488044759771595 24.569947529438096 16.245492291746327
53.30314795666625 12.488403660035122 24.569972628180565 16.244771668450582
53.30354864279094 12.489009357472408 24.57003543140987 16.244503853908686
53.304623126911835 12.489843400742703 24.570149944909204 16.24462978125991
53.30640522006951 12.490894304843483 24.570320341460437 16.24519057376559
53.30883235930547 12.492165826252092 24.57053885298272 16.246127680070636
53.311925920643056 12.493635788139043 24.570820586656563 16.247469545847416
53.31569863992385 12.495321829920696 24.57114093200504 16.249235877998107
53.320079500734344 12.497196836546726 24.571523194662234 16.251359469525383
53.325075499505324 12.499245143920469 24.57197626375182 16.253854091833013
53.33041440029403 12.501438732102336 24.57248405529735 16.256491612894347
53.33586544643753 12.503676677808391 24.57313059809213 16.25905817053701
53.34042224645835 12.505672890613555 24.57405587060448 16.260693485240317
53.3402310915899 12.505740480416977 24.576308689352 16.258181921820928
53.34100377584761 12.504440004304149 24.57982814328047 16.256735628262987
53.34371008439962 12.501816326656044 24.58463111368956 16.257262644054062
53.350220139525234 12.501095036414327 24.588358912961414 16.260766190149543
53.3585500511154 12.501684241942234 24.591339793357317 16.265526015815862
53.367901816265196 12.502892015221743 24.59404978851001 16.270960012533497
53.377778398886896 12.5039125183808 24.597069449052196 16.276796431453874
53.38827140830071 12.50493458526688 24.600257666692986 16.28307915634082
53.39938410380449 12.506014247308439 24.603569055620355 16.2898008008757
53.41109468307473 12.507155553795428 24.606996516502516 16.296942612776807
53.42338490345211 12.508364284419882 24.610531810781772 16.304488808250415
53.436212735183325 12.509561309171817 24.614229828638262 16.31242159737331
53.449559030790184 12.510727378632081 24.618101348538815 16.320730303619303
53.463403131887354 12.511833747982038 24.622164239586326 16.329405144318997
53.47779296707613 12.513114987802165 24.6262414211417 16.338436558132262
53.492635340222385 12.51428592540589 24.63053972569635 16.347809689120215
53.50794746268925 12.515444866231716 24.634984412599046 16.35751818385852
53.5237208686464 12.516617793223967 24.6395525958409 16.36755047958152
53.539924611589356 12.517733356241315 24.644293653178405 16.37789760216961
53.55654442778836 12.51877803349818 24.649214800527936 16.388551593762237
53.57359468051318 12.51985415517844 24.654238115665777 16.399502409668983
53.59103162147473 12.520869824554024 24.659425897499275 16.410735899421436
53.60885862378494 12.521842584667269 24.664765226125244 16.42225081299242
53.62704933076308 12.522748090347303 24.67026880308185 16.434032437333904
53.645600820426765 12.523599151297164 24.675926053959724 16.44607561516992
53.66451970322512 12.524415264571978 24.68172326009541 16.458381178557733
53.68374484775329 12.525168871728262 24.687666226416987 16.470909749608072
53.70330218747081 12.525844433061957 24.693775068813938 16.48368268559485
53.72317123889788 12.526455480491341 24.7000337579252 16.496682000481357
53.74334159655135 12.526999703616553 24.70644120330279 16.509900689632037
53.763812329704784 12.527472520394943 24.713001855093424 16.52333795421646
53.78454737769265 12.527883139223595 24.71969800289552 16.536966235573487
53.8055432131284 12.528210888459586 24.726546155245508 16.550786169423343
53.826797295020654 12.528454127729653 24.733547466647188 16.56479570064378
53.848283454591915 12.52859436592382 24.740709924680385 16.57897916398772
53.87001981670894 12.528661068993872 24.748015689998986 16.593343057716105
53.89199501965104 12.528643382099787 24.755469802282185 16.607881835269083
53.91416951175388 12.528555926547007 24.763049245355482 16.622564339851344
53.93655081181072 12.528372201314781 24.770782335943483 16.637396274552465
53.959138599296736 12.528099893340494 24.77865593836676 16.652382767589483
53.98190556159797 12.52774742595696 24.7866585959562 16.66749953968479
54.004835395758164 12.527306853679566 24.79479490185244 16.68273364022615
54.02794050878165 12.526754992816313 24.803086911844712 16.6980986041206
54.05120314040547 12.526104723278264 24.81151979191122 16.713578625215973
54.07457645908667 12.525409240362642 24.820044954290616 16.729122264433403
54.09819605574181 12.524541367812756 24.828779369779145 16.74487531814991
54.12190600103444 12.52360931408647 24.837614969654464 16.76068171729348
54.1457369806855 12.52258970854777 24.846574346646904 16.776572925490843
54.16970367379121 12.52147252936063 24.855665262894494 16.792565881536046
54.193773757762074 12.520270950376256 24.864872840354067 16.808629967031752
54.2179451110575 12.51893806195866 24.874240318574998 16.824766730523883
54.242204253120136 12.517537084911336 24.883705848559618 16.8409613196492
54.26658960050099 12.516029466209854 24.893304914130688 16.857255220160464
54.291014829223045 12.514479410422982 24.90297320893397 16.873562209865998
54.31554825280721 12.512799853986367 24.912796048979537 16.88995234984131
54.34022209030975 12.510940577900197 24.9228202033944 16.906461309015143
54.364897222822364 12.509047818007403 24.932899242771725 16.922950162043296
54.38964664640418 12.507056801701205 24.94309718001467 16.939492664688288
54.414430978662416 12.505026350141033 24.953354909342433 16.95604971917894
54.439317977234026 12.502799269790938 24.96382632675105 16.972692380692052
54.4642230719474 12.500558720190986 24.97432927615637 16.98933507560003
54.48915789744508 12.49820152222586 24.98496484598416 17.005991529235082
54.514145861989114 12.495768199162264 24.99569185023934 17.022685812587476
54.539273155870944 12.493097215234105 25.006670058940706 17.03950588169613
54.564266394583484 12.490490625293399 25.01759669792809 17.05617907136201
54.58933090056246 12.487828893487006 25.028591491996604 17.072910515078856
54.614467452731354 12.484968948365367 25.03979582543305 17.089702678932944
54.63957848723851 12.482052283523755 25.051067495005583 17.1064587087092
54.664715743795654 12.478991743932253 25.062492727694305 17.12323127216909
54.68983940540064 12.475990878782088 25.07386779977549 17.139980726843103
54.71495635089454 12.472824786654753 25.085416375810016 17.156715188429768
54.740140489686354 12.469454823278875 25.09717628399436 17.173509382413172
54.76527491927035 12.466140500887668 25.10888797679343 17.190246441589213
54.79041431478352 12.46270704512538 25.120725228271596 17.206982041386574
54.81554790352747 12.459183170505847 25.13265878455337 17.223705948468265
54.84067743305931 12.455567026291424 25.144689902127134 17.240420504640774
54.86579753427819 12.451899016143642 25.15677772996779 17.257120788166784
54.89097850343278 12.447997263535994 25.169103399734457 17.27387784016238
54.91593512368968 12.444309049797125 25.18121984065688 17.29040623323569
54.94106660919366 12.440158565779639 25.193801021949437 17.30710702146454
54.966156829080845 12.436098717867445 25.206294695326957 17.323763415886404
54.991075971865484 12.432130445840272 25.218699547622066 17.34024597840314
55.01605888969102 12.427902475788414 25.23136595338341 17.35679046051923
55.04096962664839 12.423694270566 25.244014409122755 17.3732609469596
55.06601904821395 12.41904355160739 25.257106064940064 17.389869431666522
55.09081414641539 12.414789848704142 25.269802227283872 17.406222070427365
55.11581376715125 12.410037445934675 25.282997307384544 17.42277901383204
55.091036024128634 12.414225705959295 25.270365617919293 17.40644470025008
55.06618808353385 12.418600785060796 25.257547703350227 17.390039595122797
55.04125603607966 12.422926500267742 25.244780163907674 17.373549371904208
55.016309739769284 12.427197109638456 25.23206900645094 17.357043623679846
54.99129760254746 12.431474861618174 25.219352198145096 17.340470542784132
54.966284560699066 12.43564382801616 25.20674630336 17.323894429322934
54.94124336298548 12.439692573248053 25.194263029004468 17.307287760733
54.91616148069211 12.443690126754985 25.181833762097444 17.290637591839708
54.891021133772135 12.447633930822194 25.16946143503922 17.273925767910704
54.86598829350241 12.451283385156895 25.157387500861564 17.25731740748399
54.840870775230904 12.454994978184882 25.14525549905873 17.240620297987263
54.815768583094425 12.458602240383135 25.133232646258158 17.223933696453162
54.79057727555669 12.462256702210345 25.12116759994938 17.20715297339696
54.76535708856989 12.465697654089707 25.109322354175408 17.190337080304786
54.74023179137972 12.469021227301388 25.097600735186006 17.173609828892303
54.715117837411086 12.472310377412553 25.08592036817236 17.156887091826167
54.689942772560045 12.47554416257696 25.074303176174613 17.140095433808458
54.66483850703763 12.478571931566913 25.06290049824903 17.123366077221693
54.63971318190529 12.481543438612318 25.05156324520091 17.106606498092063
54.61448186301975 12.484703393889824 25.04004688547307 17.08973158365681
54.58947442317652 12.487301674387245 25.029103525543896 17.073069223245426
54.564381374837026 12.490087916928587 25.017983041809913 17.05631041609855
54.53925526269727 12.49279098531258 25.00695822297958 17.039506054405116
54.51419260047592 12.49538828953457 24.996052127671476 17.022752183269837
54.4892286085636 12.497759738093013 24.9853864104948 17.006082459975737
54.46432600141148 12.500087775308097 24.974778860950554 16.989459365152815
54.43931135699164 12.502495482619938 24.96410726848695 16.972708605884755
54.41444882098503 12.504624777926976 24.953731753952955 16.956092289105158
54.389697130174234 12.506682329294529 24.943445823357283 16.939568977522423
54.364935047183295 12.50872932305091 24.93318978890733 16.923015935225088
54.34020092983495 12.510648609165111 24.923081980054025 16.906470340615822
54.31576337531327 12.512246462883487 24.913317654599478 16.89019925783027
54.291131419301756 12.51397159100451 24.903449072277954 16.873710756019243
54.26654381055747 12.51569973277297 24.893601457717004 16.857242620067446
54.24217585967269 12.517221499706814 24.88398609734002 16.84096826262586
54.2178360649519 12.51871079475974 24.87443039819899 16.824694871993152
54.19388832997732 12.519825493336798 24.86527835468845 16.80878448195211
54.16963708674465 12.521168786176661 24.855927944769096 16.79254035579891
54.14563910026858 12.522362023303357 24.846759521362927 16.776517555602297
54.12176831311103 12.523392330158197 24.837787866054075 16.760588116898777
54.09804375249147 12.524332803632236 24.828941525323607 16.744769423535608
54.07450790932229 12.52517236407865 24.820233409374566 16.729102135869123
54.051125624590284 12.525869671054041 24.81170690163715 16.713549051899093
54.027776412463616 12.526565519977867 24.803223091880742 16.69798780060503
54.00481881043279 12.526983187995452 24.79506071621372 16.682774906223628
53.981774941904995 12.527543025405224 24.786801662331502 16.667430254168284
53.95889950686136 12.527984776375671 24.778708427317543 16.65220630316813
53.93632318962265 12.52822163983301 24.770869639378734 16.637231910410918
53.91398495941532 12.528398985903932 24.76314312922619 16.622442844285178
53.89173456935804 12.528515395806426 24.75553225270944 16.607686920842156
53.86974846248749 12.528540596686522 24.748069698164507 16.59313816763646
53.84800725045792 12.528440946146457 24.7407916856942 16.578774618617263
53.82649378294828 12.528257758427662 24.733660180787552 16.564575843733106
53.80523089833777 12.528028995186833 24.726639649967037 16.550562253183923
53.78421274721023 12.527679336970458 24.719807911448296 16.53672549879147
53.763464894120844 12.52726826015353 24.7131091926442 16.5230874413231
53.742994232780724 12.526771700982973 24.706569941561337 16.509652590236428
53.722818761057596 12.526187916273194 24.700195290154834 16.49643555462953
53.70300110810648 12.52553740114157 24.693968952604727 16.48349475436013
53.68336257434276 12.524817700037083 24.687893843891118 16.470651030414516
53.664118086482986 12.52405454189631 24.681951012855436 16.458112531731203
53.645193081949834 12.523228796742673 24.676161577294952 16.445802707912215
53.626620340532234 12.522320875361986 24.67054851138125 16.43375095378901
53.608412258633976 12.521365277631437 24.66508126938988 16.421965711612632
53.59057044804854 12.520359722638746 24.65976609381295 16.410444631596878
53.573088573551324 12.519337502390655 24.65457398160988 16.39917708955078
53.55604529075442 12.518197695641271 24.649607771873345 16.388239823239775
53.53939537447216 12.517048485043128 24.64476543569637 16.377581453732635
53.523148443162256 12.515895593114529 24.640045190666942 16.367207659380764
53.5073458674836 12.514686823592829 24.635502666777032 16.357156377113725
53.492003648299665 12.513435301131262 24.631128871407682 16.34743947576073
53.47710618721296 12.512186583356016 24.626883674249466 16.338035929607454
53.46271944268295 12.510866918926146 24.62284346323413 16.329009060522626
53.448774064020306 12.509604136555525 24.61888759302593 16.32028233443888
53.43536538228442 12.508283902751055 24.61513251679251 16.311948962740825
53.42246001834573 12.506979871150914 24.611510656856485 16.303969490338343
53.41009971211206 12.505659401205483 24.608058500437927 16.296381810468613
53.398267416721076 12.504370042117818 24.604734304643983 16.28916306995933
53.38699601773855 12.503085207742677 24.601568883294295 16.282341926701587
53.37631761618172 12.501788157933346 24.598583267362983 16.27594619088536
53.36618379452955 12.500572027108818 24.595691409696443 16.269920357724338
53.35670174148197 12.499336236452208 24.59299586574264 16.26436963928712
53.34781593083587 12.498139905828657 24.590444568680713 16.259231456326543
53.33956350078649 12.496978412255965 24.58804672238318 16.254538366147354
53.331936242879465 12.4958826948329 24.585777190171815 16.250276357874718
53.32499913485957 12.494803430094272 24.58368882876071 16.246506876004545
53.31867656152015 12.493845604459041 24.581684257608313 16.243146699452765
53.31311962123784 12.49286885967333 24.579905685762284 16.240345075802185
53.30821591918081 12.491991428052348 24.57824307912811 16.237981412000348
53.30404658426305 12.491166465037416 24.576746628854913 16.236133490370705
53.30058257157209 12.490460590821414 24.575356556389057 16.234765424361626
53.2978798786222 12.48981063292086 24.574139522825355 16.233929722875963
53.295931902450896 12.489232970990914 24.573085050734772 16.233613880725215
53.29474382149792 12.488770179274528 24.572156343418005 16.233817298805373
53.294359160632425 12.488377196092374 24.571402010963123 16.234579953576958
53.294768723528605 12.48807535556088 24.570806923327527 16.235886444640204
53.29597032047145 12.487875767788617 24.57036552023565 16.237729032447177
53.298005477451554 12.487801879946863 24.570058685874876 16.24014491162981
53.3008832281711 12.487820900965698 24.569923912088644 16.243138415116757
53.30458065834832 12.487990280123757 24.56991068602591 16.24667969219865
