58.56898633973325 12.50509706738976 29.828454699476936 16.235434572866588
58.56733528938504 12.504840847648564 29.82855605781145 16.23393838392502
58.56604955622533 12.504660913776966 29.828657054229843 16.23273158821856
58.56491310695206 12.504519070834075 29.82879334829118 16.23160068782684
58.56397091969242 12.504425466160846 29.828953650655638 16.23059180287597
58.563232033312126 12.504407550163492 29.82910816227129 16.2297163208773
58.562684259207586 12.504461866663544 29.829260452830567 16.228961939713468
58.562198310587945 12.504554011424885 29.829443830266573 16.22820046889651
58.561870304051155 12.504678726933333 29.8296612933261 16.22753028379172
58.56171675033301 12.504846260777034 29.829901694347374 16.226968795208595
58.56171489762596 12.5050377484853 29.830182940672056 16.226494208468615
58.5619017158937 12.505285872386331 29.83047142321451 16.22614442029282
58.562237505044585 12.505560595976268 29.830796257150762 16.22588065191755
58.56273293594585 12.505870493242547 29.831147949952037 16.225714492751255
58.56338259593635 12.506199148823594 29.83154212995105 16.225641317161674
58.56420713993712 12.506591490823176 29.831932705442107 16.225682943671867
58.56515678680546 12.506989011592037 29.8323775652592 16.225790209954248
58.566277633003004 12.507440582632226 29.83282675439558 16.22601029597522
58.567511672348424 12.507916141339035 29.833309451738042 16.226286079271343
58.56893370443773 12.508421446234614 29.833819303811165 16.22669295439194
58.57050333468058 12.508956082539262 29.834355604100672 16.227191648040645
58.57220274285278 12.509525063320089 29.83491255090858 16.227765128624103
58.57402859902293 12.510125168692994 29.835492572954188 16.22841085737577
58.57604932306311 12.510761502653123 29.83608967131375 16.229198149096234
58.57812650672745 12.511409935447531 29.836727179928012 16.229989391351946
58.58042652152915 12.51209831185766 29.837376381955945 16.230951827715547
58.58280950865631 12.512807782409592 29.83805534331379 16.231946382932925
58.58532368512243 12.513543320555378 29.838758283297572 16.233022081269535
58.58796727316071 12.5143039681626 29.83948535872498 16.234177946273142
58.59074586680136 12.51508197270293 29.84024374856552 16.235420145532892
58.59364760039509 12.51588894798932 29.84102081511032 16.23673783729544
58.59667212627007 12.516729942284849 29.841810510902036 16.23813167308317
58.59981073692481 12.517586081432412 29.842631212994174 16.239593442498197
58.60306867672263 12.518454932607312 29.84348527432691 16.24112846978844
58.60646716034897 12.519358773941082 29.84434813691325 16.242760249494616
58.60995265288141 12.520271308322267 29.84524704884132 16.244434295717816
58.61355049928567 12.521194425458612 29.846177691631667 16.246178382195357
58.617291494210605 12.522168673611446 29.847100456803627 16.24802236379554
58.62114911432909 12.523143572132698 29.848063588937297 16.24994195325911
58.625088545295846 12.524147760952832 29.849039160661423 16.251901623681604
58.62914915687235 12.525150814915948 29.850055256748586 16.253943085207815
58.63330003553277 12.526190840258264 29.851074815059945 16.25603438021457
58.63757754066044 12.527228284777857 29.85213487560912 16.25821438027344
58.641931114199444 12.528301248961796 29.853198555504097 16.260431309733594
58.646405526868605 12.529374088852988 29.854299814780717 16.262731623234902
58.650943097397985 12.530435543997436 29.855447762304046 16.2650597910965
58.65562432847497 12.531575128142514 29.8565552649366 16.26749393539584
58.66040178610225 12.53269381929133 29.857719173723996 16.26998879308688
58.66526171800295 12.53382268658353 29.85890769760745 16.272531333811934
58.67021225417645 12.534964975780106 29.86011695015474 16.275130328241616
58.67525746473943 12.536123140190327 29.861343891756775 16.27779043279236
58.680387539602215 12.537288234190504 29.862596775190514 16.280502530221174
58.685605397885816 12.538463983585489 29.863871248740555 16.283270165559745
58.69091009424004 12.539649180207768 29.86516789384887 16.28609302018337
58.69631617405971 12.540895485613017 29.866432473611837 16.288988214834912
58.701745215096295 12.541992678908743 29.86788055804571 16.291871978141828
58.70733525753962 12.543257140228057 29.869189092358198 16.294889024953356
58.71300362651654 12.544527459284263 29.87051864630749 16.29795752092478
58.71866279458218 12.545636681960799 29.872042744281096 16.30098336834031
58.72452936735547 12.546981916853438 29.873353677176116 16.304193773325927
58.730344650754674 12.548096694311122 29.87492774669837 16.307320209745207
58.736299457420586 12.549347329678366 29.876393303913744 16.310558823828497
58.742399828224364 12.550692154416657 29.87778438511487 16.31392328869281
58.74842745227638 12.551826158209664 29.879418752049265 16.31718254201744
58.75459603589013 12.5531005603071 29.88093818822004 16.320557287362988
58.76092499586052 12.554459686145831 29.88238977924358 16.32407553047109
58.76714912927024 12.555592471290812 29.884099824104705 16.32745683387471
58.77352009266755 12.5568802523074 29.88567874525401 16.330961095106172
58.779961406513706 12.558162200210836 29.887286746875127 16.334512459427692
58.786465151174674 12.559440012735179 29.88892195708474 16.33810318135474
58.79309378874031 12.56074714151738 29.890538851733172 16.341807795489732
58.799836207820164 12.561797447935476 29.89244649138423 16.345592268500436
58.80636864128137 12.56324272879969 29.89397908568539 16.349146826796197
58.81303674921653 12.56465468069945 29.895564121876582 16.35281794664052
58.81991782532293 12.565810813452769 29.897427137202804 16.35667987466735
58.826696548172976 12.567226928329575 29.899047841724226 16.36042177811916
58.833708992543585 12.568371980646013 29.900960976105804 16.364376035791736
58.84058221067773 12.569792770206066 29.90261491814045 16.368174522331255
58.84771710330509 12.57092759434238 29.90457543443021 16.37221407453247
58.85468119152009 12.572351221687585 29.90626258671401 16.376067383118457
58.861931873423345 12.573480779826465 29.908264655241304 16.38018643835557
58.86924035997037 12.574623258479752 29.910272602188957 16.384344499301616
58.87633110853096 12.576054632075996 29.912005362425703 16.38827111402923
58.88376018274384 12.577175399515914 29.914068218098144 16.392516565129775
58.89111214510607 12.578420824773355 29.916022372461665 16.396668947871053
58.89828763061151 12.579895789373357 29.917758671690393 16.40063316954774
58.90587895743689 12.580990555392539 29.919894120738263 16.404994281306124
58.91336590168338 12.582223570016566 29.92190600860829 16.409236323058522
58.92074642619441 12.583580638543562 29.92380690353867 16.413358884112167
58.92831186446074 12.58482736807725 29.925832505724717 16.41765199065878
58.9359060996344 12.586073107898946 29.927872686166225 16.421960305569247
58.94354181347666 12.587312937947575 29.929932024136964 16.426296851392134
58.951215415768445 12.588548778666345 29.9320082167378 16.430658420364242
58.95892614345934 12.589780354664278 29.93410116978528 16.435044619009744
58.966356861380476 12.5913135287483 29.935896384318685 16.43914694831346
58.97443715971816 12.592232157664457 29.93832612125484 16.44387888079884
58.9819723018597 12.59368115770623 29.940228815204634 16.448062328948822
58.99029635417496 12.594332211312997 29.942896802401027 16.453067340460937
58.998352850566626 12.594743931375021 29.94573739850167 16.457871520689945
59.00645253109013 12.59577456359517 29.948094702199413 16.462583265295528
59.01404660967461 12.597264550156373 29.949995022685492 16.466787036832734
59.006128372814096 12.596070940223182 29.947776203344116 16.4622812292468
58.99831444484515 12.594755695900156 29.94569017177239 16.45786857717265
58.99052907275841 12.593432980087007 29.94362281319907 16.453473279472345
58.982764242690216 12.592119973140926 29.941557213046 16.449087056503288
58.9750229483769 12.590815529047081 29.939494821109516 16.444712598220317
58.96694164977503 12.589817478530536 29.9371417549332 16.439982416311313
58.95965487202007 12.588218128653445 29.93539738028628 16.436039363080322
58.95160842062984 12.587237108114142 29.933052308680885 16.431319003834847
58.9438997904612 12.586056677576302 29.93091916038753 16.426923952497347
58.936786576531574 12.584370552471382 29.929300444968383 16.423115579091824
58.92885302284229 12.583389411726184 29.926995477969463 16.41846813314665
58.921250110382395 12.582212527481332 29.92489993109533 16.41413765180575
58.913735897064306 12.580978491098822 29.922875793326416 16.409881612639058
58.906286456796245 12.579718574724573 29.9208921808903 16.405675701181345
58.89888622637436 12.578448813908782 29.918933496663605 16.401503915802014
58.89153136702944 12.577175343045115 29.916994017714067 16.397362006270225
58.88422091652395 12.575900821004511 29.915071491518127 16.393248604001318
58.8769552530166 12.574626363942588 29.91316520706704 16.389163682006973
58.86973526744474 12.573352464213578 29.911275079286543 16.385107723944582
58.86256206006887 12.572079372349672 29.909401268659966 16.381081419059186
58.85543681047447 12.570807261707628 29.9075440174928 16.37708553127405
58.8483607256601 12.569536295720361 29.90570358319742 16.37312084674233
58.84133502063754 12.568266653041926 29.903880213492567 16.36918815410297
58.83436091285511 12.566998534800984 29.902074139388766 16.365288238665414
58.82743962219648 12.565732164710056 29.900285575256422 16.36142188223007
58.82057237284504 12.564467786791244 29.898514721240335 16.357589864813484
58.81376039582008 12.563205662448116 29.896761766302177 16.353792967069825
58.80700493117614 12.561946067890036 29.895026890894957 16.35003197239115
58.80030722995886 12.560689291960982 29.89331026922079 16.346307668777126
58.793668555770154 12.559435634450722 29.891612070998008 16.342620850321456
58.787090185993584 12.558185404824354 29.889932462803422 16.33897231836577
58.78057341272721 12.556938921298801 29.888271609062876 16.335362882365523
58.77411954347458 12.555696510196734 29.886629672760115 16.331793360517683
58.767729901637594 12.554458505519094 29.88500681592379 16.32826458019473
58.76140582685262 12.553225248687628 29.883403199941228 16.32477737822378
58.75514867520059 12.551997088417682 29.881818985739045 16.321332601043913
58.748959819322614 12.550774380688921 29.880254333863185 16.317931104770516
58.7428406484635 12.54955748878671 29.878709404485555 16.314573755191244
58.736792568466456 12.548346783391644 29.87718435735997 16.311261427714822
58.730817001735446 12.547142642698399 29.87567935174632 16.30799500729076
58.72491538718205 12.545945452548239 29.87419454631878 16.30477538831496
58.71908918016631 12.54475560656266 29.87273009907054 16.301603474533128
58.71333985244491 12.543573506268364 29.871286167225254 16.298480178951273
58.707668892128396 12.542399561206249 29.869862907162485 16.295406423759687
58.70207780365649 12.541234189019454 29.868460474362344 16.292383140274676
58.69656810779003 12.540077815517373 29.867079023372558 16.289411268900103
58.691141341623045 12.53893087471423 29.86571870779953 16.286491759109285
58.685799058612425 12.53779380884206 29.86437968032375 16.283625569446635
58.680542828624844 12.536667068338968 29.863062092738716 16.280813667547203
58.675374237998284 12.535551111814053 29.861766096012126 16.27805703017209
58.670294889615796 12.534446405991044 29.86049184036754 16.2753566432572
58.66530640298977 12.533353425632622 29.85923947538445 16.2727135019727
58.66041041435304 12.532272653447638 29.85800915011465 16.270128610790742
58.65602740731586 12.530739792769149 29.8572602869335 16.268027327613225
58.651081204368964 12.52992534816359 29.85583423041872 16.265321625786648
58.646383590647865 12.528988242755219 29.854567441211003 16.262827906681665
58.64184952534989 12.528004571784235 29.85338383927842 16.260461114287242
58.63781366627373 12.52658113901572 29.852671764680846 16.258560762577154
58.63328390509156 12.525815246144555 29.85134593880915 16.256122720137864
58.6289974065831 12.52493568296854 29.850173131219734 16.253888592394844
58.625233187769105 12.523609816156364 29.849480282693257 16.252143088919407
58.62103657163763 12.522887716199026 29.848229379077942 16.249919476360628
58.61707359091897 12.522058731122986 29.847126886691118 16.247887973104866
58.61361783583312 12.520806321573176 29.846483355220037 16.2463281590399
58.6097627951243 12.520128701936928 29.845313128367785 16.244320964819607
58.60614592676287 12.519351419169018 29.84428624571015 16.242508261883724
58.60301450082454 12.518179447280817 29.843691496549653 16.241143556994057
58.59951638111728 12.517549578805859 29.842605283669 16.239361518642376
58.59653738741677 12.516511299390636 29.841967509572342 16.23805857845371
58.59330632682147 12.515917709655879 29.840936510655578 16.236452106509986
58.59055813701474 12.514936832367956 29.84033439568528 16.235286908961534
58.58758666203107 12.514381228952038 29.839360036025518 16.233845397053482
58.58508235433357 12.513456933359112 29.838797434443837 16.23282798653068
58.58237700381865 12.512941645227265 29.83788053169928 16.231554826892097
58.58012511799996 12.512077143102664 29.83735737998659 16.230690594910754
58.57769347170126 12.511603985129513 29.836499332175666 16.229590154396078
58.575702903804725 12.510802163635931 29.836015954725923 16.22888478544289
58.573552839733296 12.510372967793124 29.83521820545571 16.227961666484486
58.571832513874064 12.509636756858502 29.834774948781348 16.227420808234214
58.56997221481657 12.509253363852785 29.834038995822166 16.226679855141658
58.56853106112317 12.508585733779695 29.833636230597094 16.226309096746373
58.5669689909911 12.508249994403752 29.832963624507165 16.225755372080176
58.5658159450847 12.507653948326476 29.832601752955437 16.225560243802796
58.5645608331556 12.507367723539504 29.831994096893972 16.22519901272218
58.56370484620153 12.506846287013744 29.831673563080766 16.225184996107057
58.56276567067617 12.506611447175482 29.831132513437105 16.225021710063555
58.56221572455516 12.506167656314911 29.830853815019715 16.22519425322055
58.56169450602152 12.505843633072233 29.83051700752706 16.22533386542224
58.56129440412146 12.505698604951151 29.830069463896546 16.225526335273802
58.56120126315722 12.505382599724784 29.82984944839648 16.225969215035935
58.56117112265337 12.505164951046458 29.829595205047177 16.226410966559712
58.56129080203773 12.505108253937374 29.829251164291026 16.226931383809344
58.56168677391919 12.50491901282648 29.82909894680476 16.22766881428796
58.562167237902564 12.504815246883718 29.8289281720442 16.228423818974658
58.562832542105056 12.50481388709223 29.828726362085842 16.229292292926974
58.56372675123035 12.504767789249653 29.82863400547897 16.230324956501715
58.56472179315295 12.50479438462472 29.828538188258403 16.231389220269822
58.565959896586676 12.504858813431918 29.828475568641764 16.23262551451297
58.56736204226998 12.504932870889963 29.828468883410405 16.233960287969634
58.56900975238595 12.50506185127141 29.8284822912118 16.23546560990274
