30.47752819016747 11.723316150746191 6.754212039421286 12.000000000000005
28.441372568117433 5.795224776292321 10.535896801937254 12.110250989887863
24.677817806790785 4.424279379098893 8.09467317683709 12.158865250854802
24.673461087790514 4.424705986673402 8.091315724574457 12.157439376542651
24.669259593554138 4.424954626027209 8.088297178060488 12.156007789466438
24.66512619925993 4.425086287697038 8.085487601836073 12.154552309726819
24.661042957460225 4.425150963141187 8.08281367160159 12.153078322717457
24.657006943133098 4.4251639189983685 8.080253561846135 12.151589462288598
24.65300419944732 4.425101807707701 8.07782279803501 12.150079593704607
24.64901529124748 4.425092290009594 8.075361303569537 12.148561697668338
24.645074305436495 4.424876393519567 8.073175893751012 12.147022018165922
24.641148554193595 4.4248918740468195 8.070772016095678 12.145484664051105
24.637266574338167 4.424563769760541 8.068776499392227 12.143926305185403
24.633406152974114 4.424503399653169 8.066530126422053 12.142372626898885
24.629572659129096 4.424378811530761 8.064387556251768 12.140806291346571
24.625771398667883 4.424257696269044 8.062282742509915 12.139230959888925
24.62198025350973 4.424249616959827 8.06002922629588 12.137701410254017
24.618224984831024 4.424058363627462 8.058052523038928 12.136114098164636
24.614503465480254 4.423564297895924 8.056388552139605 12.134550615444724
24.61080224789263 4.423719434744176 8.054086460006877 12.132996353141579
24.60712680832976 4.423462256502505 8.052230916820477 12.131433635006783
24.603470192739564 4.423574959881457 8.050034493290013 12.129860739568088
24.59984288514518 4.423182650156607 8.048337161431022 12.128323073557553
24.596236190282166 4.4234471210175155 8.046014260125292 12.126774809139361
24.59264977146138 4.423459241126711 8.043931295332126 12.125259235002547
24.58908785429938 4.423321718749541 8.042059360616298 12.123706774933536
24.585546688420315 4.423144108231946 8.040220611126902 12.122181969061467
24.582026702690563 4.423058732766162 8.03828647329809 12.120681496626323
24.57852294786933 4.423462037529646 8.03588354046105 12.119177369878635
24.575041159005902 4.4230389339335785 8.034321292527173 12.117680932545154
24.5715744526794 4.423451565601521 8.03191131953021 12.116211567547671
24.5681239318824 4.423621010457121 8.029758179101913 12.11474474232337
24.56469324281795 4.4231912775763504 8.028198491192137 12.113303474049456
24.56127431885902 4.424085353310353 8.025333972468811 12.111854993079861
24.557870764865566 4.424189170636477 8.023250735577937 12.11043085865116
24.554481088190254 4.424729471107192 8.020736046301527 12.109015570781533
24.551108535301505 4.423941565648039 8.01952161665264 12.107645353000825
24.54774367911315 4.425111992852232 8.016384582411881 12.106247103849036
24.544394176346124 4.425059782216535 8.014439556036619 12.104894838092976
24.541056190102417 4.425239963052696 8.012262707763847 12.103553519285876
24.53772436994934 4.425961953664281 8.009530927391808 12.102231488893253
24.53440510572167 4.426274149175068 8.007217835600558 12.100913120946048
24.531095520020287 4.4266077281250915 8.004863299516224 12.099624492378966
24.527795777584103 4.426830786515183 8.00261013287861 12.098354858190307
24.52450051019764 4.427524472493992 7.9998794005698715 12.097096637133777
24.5212147635632 4.427837653373459 7.997511872859118 12.09586523733062
24.517920812024833 4.428420262134021 7.994870104662692 12.094630445228109
24.514642166532138 4.428942353708811 7.992267327326941 12.093432485496393
24.511366827793353 4.429459469881163 7.989638674646049 12.092268683266138
24.508092024062325 4.429990196689203 7.986996688920658 12.09110513845246
24.504790584302825 4.430542896241497 7.984291825600441 12.089955862460888
24.50152890278418 4.431107516388135 7.981588080576491 12.088833305819543
24.498225973375718 4.431693565391251 7.978800915411394 12.087731492573063
24.494943828569674 4.43228117946928 7.976047104165379 12.086615544935007
24.491696966000287 4.432745029342798 7.973372566703906 12.08557936995358
24.488442540934614 4.433667353694521 7.970221140942407 12.084554046297683
24.48515722623016 4.434158605427748 7.967477968642021 12.083520652160379
24.481892539593037 4.434790880730902 7.96458195797872 12.082519700883413
24.478646218995678 4.4353431676280435 7.961753710162837 12.081549341204799
24.47535358601889 4.436040814194237 7.958728360103269 12.080584411721379
24.47209881539406 4.436641247433729 7.955803423573722 12.079654144386593
24.468834544189153 4.437214519231186 7.952885995125534 12.078734029832427
24.46555799322636 4.437798045661238 7.949926168239572 12.077833779325541
24.462302160291454 4.438312923188686 7.9470267191113635 12.0769625179914
24.459044528470933 4.438801391245474 7.9441375074324565 12.076105629793005
24.45579296503644 4.43934075975561 7.941167104977671 12.075285100303159
24.45253787940123 4.439709790637121 7.9383606105928 12.074467478171321
24.449300434488926 4.440058369659318 7.935566111822304 12.073675953007312
24.446065810323873 4.440361812193594 7.93280628521877 12.072897712911507
24.44282972548244 4.440644470559187 7.9300376972473465 12.072147557675898
24.439621213252597 4.4408048706701235 7.92740374587216 12.07141259671032
24.43638728182623 4.440938356316815 7.924743228608724 12.070705696900692
24.433200434908752 4.441004928692603 7.9221891012087085 12.070006405007435
24.430019065878497 4.441082243787001 7.91958813296579 12.069348689125714
24.426862837788654 4.440961926552189 7.917200348829789 12.068700562406686
24.423686468004643 4.441008125209253 7.914598438064822 12.068079904730558
24.420561293368408 4.440365827654266 7.912737438505629 12.067458027208508
24.417447500305364 4.44043750428275 7.9101200592291345 12.066889936793476
24.414336415004342 4.440787892745524 7.907198917906813 12.066349604352007
24.41124635415244 4.440443130722465 7.904997649595466 12.065805573834513
24.40817682532628 4.439933656767226 7.9029671721150425 12.065275996444011
24.405124196746502 4.43951327483063 7.900846577658613 12.064764344257263
24.402087971143498 4.4392096106811465 7.898594690898942 12.064283669563414
24.39906886453155 4.4388806710340845 7.896364673326343 12.063823520171129
24.396067352530743 4.438535071542317 7.894148401126527 12.063383879861899
24.393083881903742 4.438177501900614 7.891941593588625 12.062964786414494
24.390118882551683 4.437811873597582 7.889740586660916 12.06256642229318
24.387172768138345 4.437441158696888 7.887542429413441 12.062189180028009
24.384245963039422 4.4370651969811545 7.885347105100993 12.061833660957285
24.381342676184115 4.436077830758707 7.883802953533319 12.061461891892096
24.37845712352728 4.435845537396036 7.881461360027821 12.061150226103434
24.375591589629284 4.435597523776636 7.87912877900997 12.060865286842688
24.372750278865034 4.434678482010541 7.877522372553853 12.060549424300634
24.369930826546273 4.433959258936379 7.875699470645117 12.060272096964788
24.367133963646904 4.43319422120072 7.873928983767023 12.06001075867915
24.36435644038675 4.433106041774837 7.871440584262892 12.059809814349036
24.361606964165848 4.431718899208518 7.870340066408707 12.059547998548625
24.3588759323939 4.431613913710952 7.8678846791116905 12.059377339571261
24.356173240877222 4.4302717380476775 7.866748692702087 12.05915281012747
24.35348944957925 4.430202366721354 7.864264913704142 12.059022169153755
24.3508343283646 4.428932475862742 7.863069297534789 12.058832554967072
24.35348562107761 4.432510344577925 7.861848131657712 12.05912714484197
24.356163504312725 4.433213234985115 7.863583731745617 12.059366537581996
24.35886352308273 4.433714468394284 7.865597825889734 12.059551228798712
24.36158667417091 4.434183943031981 7.867659044934129 12.059743686204806
24.36433264026059 4.4345998754628075 7.869783979708618 12.05994878508916
24.367100952198225 4.434910835817646 7.8720239398348175 12.060166176545762
24.369894255973467 4.436004016607404 7.873454535517461 12.060435703848604
24.372704765290337 4.435584773611821 7.876463397783781 12.060656593894723
24.375540769830646 4.436522671148129 7.878062106568427 12.060955992114097
24.37839646662053 4.436852015992794 7.880292391512365 12.061252059115365
24.381272487800054 4.436990996308623 7.8827234855660455 12.061558005925395
24.38417126830527 4.43796521430351 7.884295071268503 12.061910982733249
24.38708867530841 4.4383647955889725 7.88645642166638 12.06226745805306
24.390025641859996 4.438737227963526 7.888647677855437 12.062640736041033
24.392981839795254 4.43910282020854 7.890845476978812 12.063033542607897
24.395956881688313 4.439466141701274 7.8930443311746785 12.06344640881236
24.398950380947763 4.439836632484601 7.895233915937155 12.063879832526013
24.40196197176742 4.440229424316361 7.897398192939625 12.06433435451143
24.404987805972542 4.439396142532158 7.900812551077498 12.064779112362867
24.40803446322826 4.44015192489547 7.90260157888424 12.06528095944855
24.41109619014057 4.440127454171343 7.905177452245711 12.065791283723525
24.414176576595327 4.44109531417279 7.906740493195603 12.066340769226931
24.417271116373726 4.441378893730924 7.90899359871829 12.066898623924509
24.420377515442247 4.4403591427874884 7.9125625401373805 12.067455832517377
24.42350233468247 4.441014224218454 7.914428850798559 12.068059259665453
24.426639774857186 4.440814698941729 7.917149652804246 12.068675423111205
24.429793261114035 4.4416458243746835 7.918822476304666 12.069324960434681
24.432958357728428 4.441731016451717 7.9212399972257455 12.069987344050961
24.436136160404175 4.441822032445261 7.923643131969574 12.07067099598933
24.439326220425492 4.44193179580665 7.926018174826271 12.071376249792563
24.442524647025024 4.44061906131215 7.929811679833994 12.072093905878877
24.44573738674169 4.440898038250984 7.932000276532243 12.072839071958457
24.448962210653644 4.44168983660573 7.933655948208821 12.073616425839099
24.452195437413465 4.4416529223977355 7.9361345250101545 12.074407990005584
24.455438325782232 4.441652434916595 7.938565127066011 12.075220763799635
24.458686918305254 4.440251362238916 7.942381564453922 12.076053991612413
24.461947294073404 4.440428114029091 7.944613354291609 12.076905825752707
24.4652174154762 4.441157093464847 7.946274440853292 12.077785881158054
24.468489979608556 4.439628427143402 7.9501737253964055 12.07868782706875
24.471772544170154 4.439550964810953 7.952620433280921 12.07960114607829
24.475060862001087 4.43900233966834 7.955510703321047 12.080547819011695
24.478353638407246 4.438285836749623 7.958557356167665 12.081510445489954
24.481647844830324 4.437737037058434 7.961419711797373 12.08249109597453
24.484943307849278 4.4371607650393745 7.964290947764049 12.083491595045862
24.488240019118386 4.436566803591824 7.967161142800069 12.084512072726493
24.491538388607097 4.435951543609157 7.970029437883847 12.085557407114095
24.494837954099935 4.435304067655593 7.972924067835909 12.086609818608432
24.49814004561283 4.43472405233272 7.9757138424272584 12.087702150852857
24.501445035855557 4.434101968496281 7.978531200782326 12.088811866576949
24.50474867766926 4.433411442316089 7.981407275459446 12.089929959893734
24.508059702263605 4.432832637996136 7.984164595679232 12.091062468588234
24.51137216858721 4.432148042239662 7.986987499896882 12.092236626450653
24.51468747040808 4.43150081181785 7.989769539950883 12.093417118639348
24.518004777150324 4.430843676489616 7.992542229430505 12.094618871230214
24.521324794952314 4.43022218438826 7.9952433618039915 12.095859248760075
24.524654320454673 4.42999283322594 7.997588878878869 12.097072608349862
24.5279857042332 4.42934226451017 8.000317782071898 12.098325657651133
24.5313165005972 4.428302908875709 8.003392500707287 12.0996210910142
24.534661686884732 4.4284958141558715 8.005268358153176 12.100897514575687
24.538011155600827 4.427836045668099 8.007973498304045 12.102201611628697
24.54136743040463 4.427406443702452 8.010435491593883 12.10352549510829
24.544723824030584 4.4267280784709175 8.013128364167239 12.104867381392427
24.54809027014004 4.426298321133489 8.015548531636083 12.106243417370466
24.551467655893163 4.426001662174763 8.017855116110034 12.107610877608362
24.554853823540643 4.425539914440433 8.020298696062927 12.109015213037283
24.558253161754205 4.4254466572270506 8.022400015776004 12.110406488751144
24.56166097966808 4.424925467272947 8.02490217915765 12.11183333323748
24.565078468740662 4.424479805238483 8.027322935213988 12.113275728288185
24.56851110174794 4.4242859990035175 8.02950689263538 12.11471821010904
24.571958876965837 4.42422332462769 8.031556119411809 12.116179432926348
24.57541886985258 4.423780869126832 8.03397352620106 12.117664474524695
24.57889595114785 4.423713708942206 8.036021290137912 12.119160952067729
24.58238871576778 4.423520623316485 8.038206907758774 12.12066118469252
24.58589715676293 4.423303149665076 8.04043253426487 12.122161472832973
24.58942150411886 4.423139506099417 8.042600739396876 12.123681258622561
24.59296763371631 4.423214378627659 8.044555146842894 12.125198108245757
24.59652863267534 4.422992192229923 8.046780776430758 12.126755664014661
24.600116793009477 4.423211553831527 8.048630258999234 12.128274980178718
24.603725397692397 4.42321380065787 8.050676562666988 12.129835034367538
24.607357052836715 4.423277168749806 8.052673854962912 12.131406029124
24.611010643204505 4.423255519081698 8.054818926652235 12.132936197470578
24.614689022593183 4.423432782120147 8.056739835285581 12.134516405187444
24.618391877821644 4.423599218584889 8.058697834707585 12.136094824529177
24.622117729759584 4.42357747432334 8.060872351576341 12.137667903859896
24.625872283310777 4.424085948483311 8.062556825429537 12.139229509397937
24.629651314291195 4.424172102240921 8.06467417614333 12.140805035906949
24.63345560580895 4.424189419013066 8.066892766930279 12.142373419865603
24.63728652480876 4.42426749801718 8.069081393198804 12.143937633592783
24.641147195610042 4.424816555477344 8.070819517237474 12.145511122895218
24.645034535677908 4.42513236915369 8.072841237007005 12.1470609295172
24.648947801551383 4.425068069363453 8.075262878129005 12.148616854058915
24.65288894336967 4.425114710092382 8.077626016392719 12.150148216884574
24.656858229314793 4.425187808417164 8.080017086365087 12.151653334532538
24.660855807986557 4.425519611927142 8.082151933587932 12.153184262471482
24.664880635946844 4.425656730758265 8.084542106069858 12.154681799118723
24.66893236434019 4.425715123694617 8.087078586800974 12.156138653844605
24.673012733327376 4.425962415131296 8.089425430224939 12.157624887971155
24.677119406352 4.426213849647366 8.091821349322272 12.159084207382358
24.681250530678987 4.42619926570109 8.094562283920375 12.160488981057517
24.68539761745421 4.424590170860718 8.09917835944141 12.161629087152077
