50.31084603496936 7.956183759072767 24.52005693091801 17.834605344978563
50.308285398925314 7.9558456931385475 24.520537071507835 17.8319026342789
50.30587495402044 7.955672608776426 24.521023031143194 17.829179314100802
50.30384528039867 7.955666122355081 24.52150794016083 17.826671217882748
50.30217466949219 7.955824051498169 24.521989269718247 17.824361348275755
50.300870491765046 7.956149477427755 24.522458842528742 17.822262171808514
50.299939798864685 7.956646437882113 24.522907666071216 17.820385694911383
50.299314336273454 7.957305138053665 24.523341578187715 17.81866762003207
50.29904996449492 7.9581321463563395 24.52375017752924 17.817167640609362
50.29915485093649 7.959124805773038 24.524132700034173 17.815897345129233
50.29959248258538 7.960294563271447 24.524471437731446 17.814826481582447
50.30035719009534 7.9616282495393556 24.524778063947167 17.81395087660883
50.30151812476501 7.9631470379471425 24.525026385250165 17.8133447015677
50.302937569377484 7.96483752268417 24.525225274252254 17.81287477244105
50.30478317502961 7.966709838041198 24.525364045911612 17.812709291076757
50.30690528809284 7.968746731287818 24.525455654970454 17.81270290183462
50.30934087117005 7.970946292980737 24.525500117789807 17.8128944603995
50.31212884395331 7.973351300115068 24.525447480283997 17.81333006355425
50.31529038505719 7.975938003662533 24.525321499460215 17.81403088193446
50.31883049577905 7.978707098572888 24.525118848719394 17.81500454848675
50.32263670348996 7.981649213535659 24.524845037939684 17.816142452014596
50.32685849913349 7.984817202110651 24.524442300606957 17.817598996415857
50.33156852103293 7.988283696692681 24.5238305676797 17.819454256660556
50.336498005919644 7.991876504556302 24.523190184959198 17.82143131640413
50.341676346274895 7.9955935353067735 24.522520508789878 17.82356230217824
50.34734121548329 7.999585521280629 24.521660162394163 17.82609553180848
50.35355505707603 8.003902350712325 24.520554670701447 17.829098035662266
50.3597097505759 8.008201313183745 24.51955946533367 17.831948972058502
50.366219962635846 8.012749415816394 24.51839298808258 17.83507755873685
50.373335015632755 8.017547783138372 24.5170520239378 17.838735208556614
50.38072549776962 8.022576348640754 24.515554949068648 17.842594200060145
50.388551220850445 8.027858582322128 24.5138753962159 17.846817242312436
50.39644654970884 8.033194703880813 24.512216868021213 17.85103497780685
50.4044153858621 8.038547541751962 24.51061444535344 17.855253398756666
50.412655063298246 8.044070427729215 24.508907302915354 17.859677332653714
50.42114570653398 8.049751762199808 24.50710481944729 17.864289124886845
50.42997540441026 8.055647300372943 24.505147719047308 17.86918038499001
50.43916462413727 8.061801520320229 24.50298838723264 17.8743747165844
50.44836930519732 8.067946099231 24.50089878539142 17.879524420574892
50.45783420406913 8.074268438737056 24.498684806077303 17.884880959254726
50.46745979402772 8.080699923375448 24.496414411448075 17.890345459204113
50.4773965040513 8.087361422294991 24.493962255740442 17.89607282601585
50.487506101753986 8.094132260389765 24.49144895685555 17.901924884508695
50.49762192684348 8.100923873924508 24.488962317613474 17.9077357353055
50.507841431015905 8.107802385630205 24.486432802112837 17.91360624327293
50.518061178248054 8.114701287947016 24.483925732547274 17.919434157753795
50.528544980130754 8.12179500909216 24.481261902809162 17.925488068229445
50.53889269835806 8.128828797126154 24.478697271502696 17.931366629729204
50.549282198517 8.135917836086234 24.476112843191125 17.937251519239652
50.55965799296199 8.143032806972371 24.473536206318343 17.943088979671256
50.56976526757161 8.149999868805754 24.47114059568055 17.948624803085327
50.579973320358405 8.157072231089268 24.46866679186133 17.954234297407822
50.589841953770105 8.163961416808682 24.46640514173695 17.959475395224434
50.5995317213865 8.170784590849154 24.46423350351061 17.964513627026744
50.609012073280375 8.177514782707895 24.462175850880616 17.969321439691896
50.618141500516536 8.184073123643156 24.460309426278624 17.973758950594764
50.6269559508518 8.190479826990734 24.458609335064025 17.97786678879704
50.635395752932865 8.196693454475843 24.457116458989073 17.981585839467947
50.64322132813969 8.202587308566425 24.455945689173298 17.98468833039997
50.65056159987336 8.208212673863406 24.455045635980614 17.98730329002935
50.65637945510019 8.213038316765793 24.454920395493456 17.98842074284095
50.660489633639415 8.216859999594707 24.45575768665041 17.98787194739433
50.65882519664756 8.217378711690317 24.45972326001449 17.981723224942762
50.66507659538054 8.222503815814658 24.459323607805757 17.983249171760093
50.66908141092178 8.22621718551614 24.46026032795273 17.982603897452897
50.6627822568845 8.223804471389462 24.46693294237246 17.972044843122596
50.65803076468164 8.22234528692453 24.47256981821503 17.96311565954209
50.66495180832478 8.228192881571813 24.47145532958525 17.965303597167715
50.67209745469779 8.233942848335348 24.470434144392204 17.967720461970224
50.677950966979424 8.239015909926838 24.47002256800922 17.96891248904339
50.68336900422622 8.243875322942008 24.46979675300451 17.96969692827973
50.68659217227044 8.247535341130524 24.47055758696735 17.96849924417256
50.69301850303997 8.253225417778276 24.46959609123128 17.970196994030438
50.69998285658018 8.259292343035906 24.468248042544744 17.97244247099949
50.70688627135425 8.265151386477509 24.467097864232542 17.97463702064414
50.7128836724625 8.270619081654274 24.46624333348514 17.976021257323048
50.71948045803818 8.276493520800004 24.465073165668624 17.977913771569593
50.72589325285949 8.282276041818188 24.463951783974355 17.97966542706698
50.73214175629299 8.288095143320493 24.462790314022822 17.98125629894967
50.73844108553408 8.293957424573403 24.461573727218028 17.98290993374261
50.744858828471855 8.299889864564616 24.460306642046287 17.98466232186093
50.75118495267033 8.305834408545731 24.45901782236307 17.986332721761492
50.757538955336145 8.311833380605817 24.457652643541255 17.988052931189042
50.7638478204738 8.31784938233879 24.45627417336 17.989724264775056
50.77008605748561 8.32383143130565 24.45494142185624 17.991313204323752
50.77632946167802 8.329919116922493 24.45346737270032 17.992942972055225
50.782529435144696 8.336039493735093 24.451953711498035 17.99453622991163
50.788905594177585 8.342494956614134 24.450053930698935 17.99635670686458
50.795112397105854 8.348487201766144 24.448681526697545 17.997943668642165
50.801081103214656 8.354578866237672 24.447197606334473 17.99930463064251
50.80744383945232 8.361131567219655 24.445180473514945 18.001131798717747
50.813414814990736 8.367118601370109 24.4437808915345 18.002515322086136
50.819752528825745 8.373710165068628 24.441723113574987 18.004319250182128
50.82553369431786 8.379857478949738 24.440130301546972 18.005545913821123
50.83153716692601 8.386152666833288 24.438370458879998 18.007014041212724
50.837413182223585 8.392418777624668 24.436629834084172 18.008364570514704
50.84306234485497 8.398429073279967 24.435145929336464 18.009487342238543
50.84869205015433 8.404570315622927 24.433516441930113 18.010605292601273
50.85443942146183 8.410904412292007 24.431666779911307 18.011868229258543
50.85983336062454 8.416827256252732 24.43023145895969 18.012774645412097
50.866262642778715 8.42407565689214 24.427405738130727 18.014781247755828
50.861091038034694 8.418390889897207 24.428602933627648 18.01409721450986
50.856057804866055 8.41279640657996 24.42968654038455 18.01357485790156
50.8512587627352 8.407373850220779 24.430599246365805 18.01328566614864
50.846149995543485 8.401812246953327 24.43163929133053 18.01269845725959
50.83990350715219 8.395329086625651 24.43358359065409 18.01099082987238
50.83472306085376 8.389601550292927 24.43476421269051 18.01035729787034
50.82928375761924 8.383815073502962 24.43599244729031 18.009476236825968
50.823766151653146 8.377982845252035 24.437255378516017 18.008527927885098
50.8181408635651 8.372104868936187 24.43855321325287 18.00748278137607
50.812408018749935 8.366176861824442 24.439890497881986 18.00634065904353
50.806541651203894 8.360183878043257 24.44128245072745 18.00507532243318
50.80047081648018 8.354096323081459 24.442758935506365 18.00361555789236
50.795555285599804 8.349001530102152 24.443235555028057 18.00331820046956
50.78860213949223 8.34207078722227 24.44553559809205 18.00099575417792
50.782217159392765 8.336080965287199 24.44688568249122 17.999250511614378
50.77734293942371 8.330731594876184 24.447590011724948 17.999021332822554
50.77042412478281 8.324369473546469 24.44929861893081 17.996756032305562
50.76531798053445 8.319120353379535 24.449888570458356 17.996309056696628
50.75887165634389 8.313025554030315 24.451316700194155 17.99452940211939
50.75223920034658 8.306758872156559 24.452910371454333 17.992569956735718
50.74671415425675 8.301512382171929 24.45348030204588 17.99172147003893
50.73890556032037 8.294323344064075 24.45598478501985 17.988597431236464
50.733758079899346 8.289390096990136 24.45623147134378 17.988136511565394
50.727171471561675 8.283303332983227 24.457627251529864 17.986240887048567
50.72023325956587 8.277004058786162 24.45923217271283 17.9839970280669
50.714416607221395 8.27171776374348 24.459823795069525 17.98287504840835
50.70660380972771 8.264985255378674 24.461856596246708 17.979761958102326
50.70108187707119 8.259690273902915 24.46245417343671 17.97893742973155
50.694140572524745 8.253567691967687 24.463877749237202 17.97669513131984
50.68688242079354 8.24724001982475 24.46550683835003 17.97413556261871
50.680851926101504 8.241924940280871 24.466126731913114 17.972800253907568
50.67381259739622 8.235826746781056 24.467530467810636 17.97045538280457
50.66648873117548 8.229565663366294 24.469100062305948 17.967823005503288
50.65809895165681 8.222890998623882 24.47108816489883 17.964119788134138
50.65218150581207 8.217465999597096 24.47183083155169 17.962884674663275
50.64528327754459 8.211659850660157 24.472961178061468 17.960662248822995
50.6389859545008 8.206264185286866 24.473688912501036 17.959032856712874
50.6307685018885 8.199799767331825 24.475492682693897 17.95547605186274
50.62456704206427 8.194352748611813 24.47628879667145 17.953925496780997
50.61791619009952 8.18899222365106 24.477009634474538 17.951914331973928
50.61028030474697 8.182867420875102 24.478504646193382 17.948908237678516
50.601756833846046 8.176400775767235 24.480354671621047 17.9450013864578
50.59541578678696 8.171048697031983 24.481103414417028 17.943263675337928
50.587653932423535 8.165064870717842 24.4824998888115 17.940089172894098
50.5810212244389 8.159731386131503 24.483261971208062 17.938027867099347
50.5740659522367 8.154124900887505 24.484315311869704 17.935625739479477
50.56753716118731 8.148994199780413 24.484913887949084 17.933629073457833
50.55989275286373 8.143112565567368 24.48628190389563 17.930498283400716
50.55175667969365 8.137039984417472 24.48786280631445 17.926853888961727
50.545376029702915 8.13192481562838 24.488511616914714 17.92493959715981
50.537137883087595 8.12592976212214 24.49006386386937 17.921144257096053
50.53078229748631 8.120885642710386 24.49069385035707 17.919202804418887
50.52261881597339 8.11499662769176 24.49219539747834 17.91542679080326
50.51627204176815 8.110040333165614 24.492796645150996 17.913435063451512
50.50835216232821 8.104317756420201 24.49419400006506 17.90984040584293
50.50055864801 8.098874285308964 24.4953432879415 17.90634107475957
50.49469996923851 8.094114361680884 24.495849907556774 17.90473570000084
50.48693241662174 8.088570205532337 24.497175897004368 17.90118631408502
50.47916387611336 8.083269940985181 24.498294874241857 17.89759906088635
50.47169970738746 8.077947926842743 24.49947732146072 17.89427445908399
50.46620690127978 8.073434322168062 24.499899067731373 17.89287351138036
50.45824397852307 8.068015312701705 24.50126996833798 17.88895869748341
50.45222704728319 8.06345247048578 24.501834935521988 17.88693964127541
50.444498498186434 8.058185632621061 24.503151475989934 17.88316138957543
50.4373914059839 8.053247243404803 24.504192241690113 17.879951920889003
50.430229953232 8.048331283011432 24.50526526444334 17.876633405777202
50.42483487023293 8.044094735444933 24.505717814542887 17.875022320245105
50.41713014005303 8.039225134636297 24.50685786812352 17.871047137293218
50.41272823209518 8.036130771993069 24.506206329941005 17.870391130161135
50.40718822305105 8.032453980932658 24.506233802305943 17.868500439812486
50.40161099008213 8.028718622063849 24.506391219194132 17.866501148824174
50.396200039349 8.025106104732625 24.506490631047974 17.864603303568405
50.3909384272097 8.021625995174938 24.50652260950618 17.862789822528573
50.3856573615012 8.018075292591133 24.506707850404304 17.86087421850573
50.380478508030244 8.014561524534678 24.50693513233597 17.85898185115962
50.37522995502532 8.010987637366075 24.50731141049476 17.856930907164468
50.36999279099096 8.007416995630322 24.507772699994245 17.85480309536639
50.36493065506297 8.003895540788099 24.508275961463198 17.852759152811615
50.35990883418374 8.000409504749168 24.5088379927406 17.85066133669396
50.3550072828336 7.996996074801353 24.50942339714128 17.848587810890972
50.350371658059174 7.993688361265646 24.510002248756166 17.846681048037354
50.345743510412056 7.990413524100054 24.510654628117422 17.844675358194568
50.341356025698346 7.987248947465037 24.511303985149677 17.842803093083642
50.33710497314753 7.984147572309414 24.512005311382453 17.840952089455687
50.333081074618846 7.981164027032928 24.512703772778043 17.83921327480783
50.32930575490936 7.978306571825617 24.51339518772216 17.837603995361633
50.32574339514394 7.975563073402169 24.514097219741934 17.836083101999762
50.322451046240516 7.972952795387039 24.514794562876965 17.83470368797653
50.3194716140475 7.970499440127256 24.515466337900445 17.833505836019818
50.316752334737004 7.9681895150057205 24.516131165098923 17.832431654632355
50.3143696331318 7.9660464647785405 24.516769495561345 17.831553672791877
50.31234104678157 7.964085926959422 24.517369258949937 17.830885860872257
50.310678875887966 7.9623146004455645 24.51792786153127 17.830436413911148
50.30940935459263 7.960747701837817 24.51843355036293 17.830228102391917
50.30854920377263 7.959391827156005 24.518884873418674 17.83027250319796
50.308108322339415 7.958256129640208 24.51927659501932 17.830575597679832
50.30812051269512 7.957355860194975 24.51959723635096 17.831167416149135
50.30860505690434 7.956703437577373 24.51983832473408 17.832063294592857
50.309582740835104 7.956309579416894 24.519993271717347 17.833279889700847
50.31090121104955 7.956185277002812 24.52005554274841 17.83466039129834
