116.07517261036307 8.129069204541254 64.43953693141412 43.5065664744076
116.0752214854124 8.1292204954828 64.43915758022435 43.50684340970519
116.0724452013887 8.129887007322527 64.43798497136854 43.50457322269779
116.06838290797774 8.13108424763731 64.43598931444295 43.50130934589744
116.06281398036022 8.132759393608824 64.43321494704476 43.49683963970676
116.05519811764256 8.134854990242006 64.42970930860095 43.49063381879965
116.04515897459582 8.137344175878148 64.42549055099782 43.48232424771995
116.0319168061414 8.14021650321363 64.42061041000463 43.47108989292327
116.02051687258182 8.143567124136196 64.4149700728554 43.461979675590165
116.00733620962424 8.147301745676675 64.40869325089595 43.45134121305168
115.99090735794621 8.151376160740126 64.40178642696281 43.43774477024344
115.97430949388452 8.155842730607255 64.39424000928062 43.42422675399675
115.95479629459338 8.160628897169847 64.38612454770856 43.408042849715
115.9344243147201 8.16576626587504 64.37741903955994 43.39123900928511
115.91277406979933 8.171241775686028 64.36813812943588 43.37339416467733
115.88917543944407 8.17701669937807 64.35831898998234 43.3538397500836
115.86553768929284 8.183122260355278 64.34796373728952 43.3344516916481
115.83929573674551 8.18951407549223 64.33709005415645 43.312691607096944
115.81227443850291 8.196187916388892 64.32573659645024 43.29034992566379
115.7837661799712 8.20314299434276 64.31389032209395 43.266732863534585
115.75422147012263 8.21036393438745 64.30158694358477 43.242270592150504
115.72321582290586 8.217839246030415 64.2888387536312 43.21653782324423
115.6911171295766 8.225563559081225 64.27565451890969 43.18989905158575
115.6579962033158 8.233527855158226 64.2620534357931 43.162414912364376
115.62354988939309 8.241723024722729 64.24804569185298 43.133781172817336
115.58836020900436 8.250154667603677 64.23362174828684 43.104583793113875
115.5512629970971 8.258740741207172 64.21890351411732 43.07361874177252
115.51417232877684 8.267596090931937 64.20375575092335 43.04282048692163
115.47552092331081 8.276646679703413 64.18824195694062 43.01063228666668
115.4354526916643 8.285843712927441 64.1724560581901 42.97715292054673
115.3951118143823 8.295297286609449 64.15626320304926 42.943551324723714
115.3538934994312 8.30483562381246 64.13984938606242 42.90920848955619
115.31155386901317 8.314589207415063 64.12308354596139 42.8738811156368
115.26817085420294 8.324480522112621 64.10605260505119 42.837637727039194
115.22414846429956 8.334580432027467 64.08868141525495 42.80088661701692
115.17924406435142 8.34477349263031 64.0711031197738 42.76336745194713
115.13390179099426 8.355169983690498 64.05320468115453 42.725527126149196
115.08742792850276 8.365677168257877 64.03508128441591 42.68666947582909
115.04027207459984 8.376325293874503 64.0167042208899 42.64724255983529
114.99270792111038 8.387084242877403 63.998119056226074 42.607504622006864
114.94396703035092 8.398047307462914 63.97921031045578 42.566709412432225
114.89514854490034 8.409023904473454 63.960193289912844 42.525931350513964
114.84194818356563 8.420124107377003 63.940951599363004 42.480872476825596
114.79513784711365 8.431407545985264 63.92144761293469 42.44228268819387
114.74451897427667 8.442767094084605 63.901765895001304 42.39998598519088
114.69343816459832 8.454230003593155 63.881895196198116 42.35731296480709
114.64198705618993 8.465787820309734 63.86184965756075 42.314349578319515
114.59022777833657 8.477455768553474 63.84160412024198 42.27116788954119
114.53746988648199 8.489187433478566 63.821212178977504 42.22707027402595
114.48454719952686 8.501020732538437 63.800624596255446 42.182901870733076
114.43074519734978 8.512935503736992 63.77988385884235 42.13792583477069
114.37839750185594 8.524972941762101 63.75888237797587 42.094542182118
114.3235731139315 8.537064433484439 63.73772079797983 42.048787882467316
114.26941084309816 8.549228811900669 63.716442954477714 42.00373907671975
114.21524725971646 8.561472708441823 63.6949853572335 41.9587891940412
114.16084977164277 8.573788005435702 63.67335481700939 41.913706949197724
114.1063668171892 8.586150868698919 63.65169320091202 41.868522747578254
114.05148731796758 8.598580939714477 63.62985413898817 41.823052239264925
113.99283349244679 8.6110478903437 63.607820728739405 41.773964873363724
113.93831327410071 8.62359144184941 63.58571726022855 41.72900457202275
113.88166412221675 8.63617456681693 63.56340360630572 41.68208594909413
113.8271914748572 8.648813995150515 63.54097193525403 41.637405544452456
113.77061149343973 8.661475481481581 63.518525503182474 41.5906105087756
113.71128072918856 8.674153716907352 63.495957332146325 41.541169680134864
113.65373518790133 8.686878730708544 63.47326240342542 41.49359405376733
113.59528919985854 8.699626663024238 63.45043152447809 41.44523101235612
113.53772281299933 8.712418964417514 63.427567735959535 41.39773611262221
113.47963455267427 8.72524508416106 63.404683168655765 41.3497062998575
113.41770563518126 8.738077272028002 63.38169484007293 41.297933523080516
113.36100747957448 8.75097467392224 63.35860671988722 41.25142608576481
113.30018454098395 8.763872431218838 63.33532291584169 41.20098919392351
113.24193079220437 8.776818265820287 63.31187579833529 41.1532367280487
113.18224911901677 8.789789265946151 63.28832781924563 41.10413203382491
113.12039714747594 8.802779805100027 63.26461429725075 41.05300304512526
113.05744401115929 8.815800612746449 63.24070445167955 41.000938946733406
112.9993465015214 8.8288833624894 63.2165390366117 40.95392410242026
112.93751468312023 8.8419750346296 63.19225599496089 40.90328365352962
112.8756876380264 8.855093527924502 63.167845067701755 40.85274904240016
112.81119163605825 8.868248721935272 63.14285858859323 40.80008432552963
112.74281068677412 8.88145229864118 63.11690562478623 40.74445276334684
112.68539800839264 8.894679973082228 63.09149739712337 40.69922063818706
112.61152041140188 8.907866377504854 63.064987813837426 40.638666220059505
112.54114604442898 8.921058855554705 63.037934493414284 40.58215269545994
112.47765746885293 8.934273537710936 63.009264444596255 40.53411948654578
112.38744834593999 8.947157702666422 62.981015292440055 40.45927535083356
112.31718380082391 8.960076768900686 62.9535878506359 40.40351918128725
112.23680518392183 8.97285374778361 62.92629535872409 40.337656077414174
112.16643476999266 8.985507625204246 62.897848340395306 40.28307880439309
112.08075447229872 8.998040834609684 62.870731226024326 40.21198241166453
111.99968879474385 9.010467036521305 62.84316034464332 40.146061413579226
111.91653988372423 9.022927943876734 62.81651176062013 40.07710017922732
111.83363902064384 9.035301285461097 62.78969733034951 40.008640404833194
111.7535873362636 9.04763912438995 62.76287815134832 39.943070060525386
111.66999920855875 9.059974028307431 62.736389540104454 39.87363564014688
111.59078730208616 9.072400090004168 62.710218945036154 39.80816826704596
111.51220632381741 9.084892625788157 62.6842976970874 39.743016000941815
111.42864820882062 9.09748688065055 62.659033292984745 39.67212803518524
111.35759613435009 9.110162660945837 62.63354727735348 39.61388619605077
111.28823762323404 9.12292012526144 62.6083209097619 39.55699658821058
111.20981646472123 9.135628842024358 62.583185738148146 39.49100188454862
111.13533843705775 9.148399431716937 62.557986316090286 39.42895268925052
111.20483122242231 9.135617875661795 62.58242796163814 39.48678538512235
111.27014531752219 9.122857448356156 62.607071443556144 39.5402164256099
111.33780277261815 9.10997086507868 62.63183899554245 39.59599291199717
111.40728824689988 9.097281555412522 62.656421021783615 39.65358566970382
111.47526278019922 9.084763922050868 62.68080611487674 39.70969274327173
111.54334112820557 9.07172250817579 62.70570448551044 39.765914134519164
111.6135090515225 9.059507456405619 62.729780764157056 39.82422083095986
111.67419108630057 9.045099728708795 62.756033607921644 39.87305774967003
111.74448879258364 9.032873898124803 62.780091141154365 39.931523753304575
111.81752471749088 9.020772282267197 62.8040109028157 39.99274153240785
111.88521788925328 9.00754830360119 62.829028234005534 40.048641351646694
111.95463852313343 8.994728129724008 62.85362756197469 40.106282831434825
112.02644496118975 8.982837690348369 62.8772854133435 40.16632185749793
112.08823005164008 8.9687062648243 62.90316108970901 40.216362697106895
112.1625154282629 8.957013695126637 62.92657987979821 40.278921853337984
112.22417590269458 8.942889586660634 62.95240567467429 40.328880641359525
112.29851615561041 8.93121726526386 62.97575807422175 40.391540816124675
112.35960459286738 8.917021696633388 63.001607927093524 40.440974969140406
112.43339751502361 8.905315133598407 63.02494305558826 40.50313932583688
112.5060492269438 8.892802311821765 63.04905896647422 40.56418794864796
112.56870571771225 8.879427978817342 63.07400628472838 40.61527145416646
112.64094800597023 8.866941130560582 63.09803755518684 40.675969320222904
112.70291131245496 8.853573631327013 63.12291653920375 40.72642114192445
112.77381853587204 8.841023968541844 63.1469361202246 40.78585844710552
112.84655872213494 8.829513471547711 63.169893965746915 40.84715128484031
112.91153821719729 8.816269685226626 63.194547862497316 40.900720669473245
112.97476688668728 8.802873088230408 63.21931699383703 40.952576804619866
113.0482572958407 8.790869364268943 63.24265579983153 41.0147321317403
113.11245506718767 8.778137472776365 63.26668150609366 41.067636088317784
