60.08206081218445 10.300827479591497 23.84810343992661 25.93312989266633
60.08294512610132 10.30097368590499 23.848089988140284 25.933881452056013
60.08365148223076 10.30154707367521 23.847913379861268 25.93419102869428
60.0845611566299 10.302239995028911 23.847908296315996 25.934412865284983
60.086372196425486 10.303889403393054 23.847141278649396 25.935341514383037
60.0897521186503 10.30537785942312 23.846839342380797 25.937534916846403
60.090737656433184 10.307756425246692 23.845854895330767 25.937126335855762
60.09368009854825 10.310234317884355 23.84503857105939 25.938407209604527
60.09645694847034 10.31310600113751 23.8440656617757 25.939285285557162
60.100244020323146 10.316274703519836 23.8430340233697 25.94093529343368
60.10446800166288 10.319773277498228 23.841904575432835 25.942790148731824
60.10913818525147 10.323579251393454 23.840693463895942 25.944865469962068
60.114274237326576 10.32764767584113 23.83943473231164 25.947191829173843
60.11984858429927 10.332008562208829 23.83810220673684 25.949737815353586
60.125859269302396 10.336611185733302 23.836733542270103 25.952514541299042
60.132374144080046 10.341380614002247 23.835388154607994 25.955605375469815
60.14077090475435 10.342884126655672 23.83681100290967 25.961075775188984
60.14966332147252 10.343830805703591 23.838802813138088 25.967029702630875
60.15789966083147 10.347692680247054 23.838613891957426 25.971593088626992
60.16646915571663 10.351867908155674 23.83831713538724 25.976284112173676
60.17540463460456 10.35626204510011 23.83798583049393 25.98115675901052
60.18471968651964 10.360819661864912 23.83766171927398 25.986238305380706
60.19440155775024 10.365544659728217 23.837339849113548 25.9915170489085
60.20444919879021 10.370416941409811 23.837033884188795 25.99699837319157
60.21485980636178 10.375439685445908 23.83673979076148 26.002680330154416
60.225633458396885 10.380563440724586 23.836493980638256 26.008576037034068
60.23676688865545 10.385775390420122 23.836304768493445 26.01468672974191
60.24824871805241 10.39105450598533 23.836186073742827 26.021008138324298
60.260077502407285 10.39639148621741 23.836143434587328 26.02754258160252
60.27225103774166 10.401815852893217 23.836152616785803 26.034282568062658
60.28480735754557 10.40729578787387 23.836237927262307 26.04127364240934
60.29759297506322 10.4128363448922 23.836388411190843 26.048368218980134
60.31072337899928 10.418401216752434 23.8366335218407 26.055688640406185
60.324140204342356 10.423970020294066 23.836986301048704 26.063183882999567
60.337920643786 10.429566317119297 23.837431085528316 26.07092324113835
60.35195949746387 10.435174422875155 23.837972496156432 26.078812578432277
60.36623585826727 10.44077333378405 23.838623298606063 26.086839225877153
60.3809513436228 10.44635109042994 23.83940685839011 26.09519339480269
60.39582251255765 10.451940554450381 23.84027396314499 26.103607994962235
60.410936115811324 10.457505688939488 23.841260740949878 26.112169685921952
60.42636848353193 10.463027609777985 23.842384009698986 26.12095686405498
60.441990001121326 10.468523325972994 23.843618492041905 26.12984818310641
60.4578583224534 10.473966731045143 23.844993518752847 26.138898072655383
60.47418133415852 10.47931374135236 23.846547965650263 26.14831962715588
60.49039492827566 10.484667353209703 23.848172988330738 26.157554586735216
60.5070636848893 10.48994422326373 23.849950919771942 26.167168541853627
60.52370898699306 10.495162538130586 23.85185831371342 26.1766881351491
60.540875623507176 10.500249667437794 23.85396799074028 26.186657965329122
60.55790600059071 10.50526592239171 23.856215612602508 26.196424465596444
60.57538898044209 10.510282298762467 23.858527020859224 26.206579660820445
60.59304902334958 10.515113682967543 23.861084001713365 26.216851338668672
60.6108364677995 10.519866389935537 23.863777135283566 26.22719294258037
60.6287610519896 10.52450263513649 23.866642777516226 26.237615639336855
60.64677567438994 10.529076508443 23.869622001486146 26.24807716446078
60.665052340616874 10.533494121565658 23.87280861402104 26.258749605030253
60.68343904075946 10.537808162884495 23.876146013913555 26.26948486396135
60.702045890652734 10.541948451990185 23.87970079331791 26.2803966453446
60.72055451424737 10.546208046934922 23.88317989667915 26.291166570633305
60.73953197912327 10.55002626450027 23.887138836165352 26.302366878457676
60.758391237912036 10.553844826394613 23.89113687081326 26.313409540704104
60.777543977610264 10.557510439322723 23.895322986083308 26.324710552204248
60.79658262207066 10.561061592092523 23.899656882583166 26.335864147394997
60.815808544421316 10.564627048971724 23.90400722970704 26.347174265742588
60.83533085997711 10.567765365719465 23.90881342175737 26.35875207250034
60.85480141934937 10.57087529936881 23.913675087245377 26.370251032735162
60.87432540230924 10.573837946432166 23.918708823891375 26.381778631985668
60.89396670146896 10.576674701589257 23.92389130822237 26.393400691657348
60.91369737951815 10.579364652484518 23.92924158749398 26.405091139539607
60.93353295587288 10.58191419567374 23.934751457746554 26.41686730245257
60.95305616762123 10.584442664782173 23.94029994464876 26.42831355819033
60.97323165870932 10.586441271497526 23.946394263698142 26.440396123513647
60.99322222040651 10.588628719303621 23.95231303656715 26.452280464535733
61.012990759591005 10.590586820676826 23.958474345934796 26.463929592979348
61.03300539817296 10.592542813542028 23.964648368630883 26.475814216000064
61.05318133359909 10.593991408709659 23.971338979416768 26.487850945472655
61.07322469695429 10.595492823397464 23.97798495917568 26.49974691438112
61.093721799760196 10.596813710956592 23.984818239882966 26.51208984892064
61.11374342012175 10.59806373418468 23.991727665842802 26.523952020094296
61.133890244746034 10.59887344134014 23.999081907746444 26.535934895659462
61.15393541044639 10.599912217985723 24.00620941090956 26.547813781551074
61.17433487374808 10.600608043991585 24.01368143804505 26.56004539171141
61.194638572813524 10.60132160079524 24.021136756271744 26.572180215746574
61.21515849388334 10.601605374879817 24.029021124922114 26.584531994081384
61.235040700323154 10.601927858151855 24.036865160499644 26.596247681671652
61.255617623255205 10.60202901848353 24.04492801737185 26.608660587399804
61.27576946486778 10.602002090915025 24.05311574288887 26.620651631063932
61.29611071730886 10.601852425302596 24.06142185410415 26.6328364379021
61.316260193179815 10.601578301854383 24.06984723911888 26.64483465220657
61.3365923095389 10.601152770824587 24.078418025920797 26.657021512793488
61.3567442530896 10.60060806329186 24.08710125032185 26.669034939475928
61.37707214740057 10.599912249593602 24.095928100239885 26.681231797567083
61.39749869619062 10.599097018085521 24.104866239219096 26.693535438885988
61.41771734882964 10.598236105830464 24.113841403525665 26.705639839473545
61.43772816135643 10.596997595148054 24.123184999209403 26.71754556699898
61.45788848436101 10.595941266967829 24.132335844178208 26.72961137321501
61.478042951244134 10.594591402839892 24.141769638432272 26.741681909971945
61.498160897155216 10.593137802284344 24.15129619576686 26.753726899104024
61.51856003566557 10.59151774488269 24.160978070412995 26.76606422036987
61.538405489733215 10.589955319534887 24.17059052264392 26.777859647554383
61.55826371788966 10.588115034144092 24.18046810301859 26.78968058072692
61.578202295075464 10.586205160385944 24.190402743742123 26.80159439094735
61.55821329618167 10.588098066355169 24.1804843264412 26.789630903385273
61.538580977950716 10.58974596491922 24.17079881355492 26.778036199476556
61.51826559051871 10.591515095285246 24.160979978168882 26.765770517064567
61.4984677406761 10.592953824107267 24.15147967529236 26.75403424127641
61.478295280742806 10.594388015170711 24.14197239825703 26.741934867315052
61.4581901313615 10.59569679755368 24.132579515780147 26.72991381802767
61.437963619892955 10.596901853910087 24.123279822189403 26.71778194379343
61.41782909430209 10.597970796562388 24.114106256751697 26.70575204098799
61.3973836950144 10.598813700606787 24.105149337268113 26.693420657139505
61.377282067743245 10.599690491828458 24.096149497162813 26.681442078751996
61.356990555843055 10.600416920684552 24.087291825039312 26.66928181011914
61.33655009133196 10.600990301849322 24.078579856024444 26.65697993345821
61.31646704610609 10.601453828257174 24.069971224367702 26.64504199348123
61.29612361919877 10.601752304699213 24.061521617397965 26.632849697101566
61.27593329337339 10.601893836112815 24.053223745139952 26.62081571212064
61.25551795006682 10.601909726128039 24.045047123445897 26.608561100492842
61.23526850906248 10.60176985420981 24.037022801439257 26.596475853413374
61.21476656304543 10.601593206361468 24.029032906456703 26.584140450227338
61.194605231619555 10.601104367265544 24.021353734311603 26.572147130042428
61.174395604437514 10.600313006232883 24.013976157782754 26.560106440421844
61.15382313715751 10.599796965488983 24.00632389511991 26.547702276548648
61.13387396734653 10.598891205584785 23.999062692497443 26.53592006926433
61.11367692641225 10.59785371589851 23.991936333699783 26.523886876813982
61.09329742030368 10.596795981154386 23.984834630268573 26.51166680888076
61.073249444952886 10.59521718961288 23.978259036728087 26.499773218611917
61.05310756231205 10.593830786218048 23.971497728830684 26.48777904726329
61.03269535078772 10.59234959508381 23.96483900339658 26.4755067523073
61.0127678716357 10.590612189801323 23.958446157579115 26.463709524255272
60.99298392346862 10.588563943834874 23.95237498361921 26.452044996014557
60.9728174329032 10.58647473575595 23.946357552572632 26.439985144574614
60.95277296707225 10.584422475394089 23.940317076133436 26.428033415544743
60.93279168173399 10.58224267432449 23.934420071567477 26.416128935842075
60.91302136093399 10.579634351137239 23.928968900612116 26.404418109184626
60.89355238271602 10.576766737677604 23.923795754416844 26.392989890621575
60.87357976779494 10.57425811847743 23.91828520024537 26.381036449072113
60.85424515423264 10.570784463223216 23.913761853567102 26.36969883744234
60.83479744571587 10.568114226508142 23.90846052726844 26.35822269193925
60.815185736541 10.564746855044678 23.90388306427526 26.346555817221073
60.79612233737763 10.561215552091603 23.899497941102865 26.3354088441832
60.776691896550275 10.55785819929983 23.894970402883455 26.32386329436697
60.75779237954875 10.554004184214484 23.89097190599687 26.31281628933736
60.73871851386694 10.55027610120266 23.886883553752963 26.30155885891136
60.72000035054867 10.546251845238544 23.88312850992489 26.290619995385242
60.70144851010315 10.54217569394946 23.87946540166188 26.27980741449186
60.68293309988019 10.537947997629395 23.87599580892139 26.26898929332935
60.66443598957723 10.533639607003046 23.872652150925777 26.258144231648387
60.6460858598131 10.529215223447512 23.869472021502798 26.24739861486283
60.62816892323837 10.524673289901237 23.8664592717228 26.23703636161435
60.61021037577151 10.519885543004873 23.86374464748087 26.22658018528574
60.59232059220601 10.515211075116696 23.860971895039594 26.216137622049686
60.57495407419013 10.510360365954512 23.858433408879083 26.20616029935652
60.5574184348462 10.50541996924861 23.856045491621632 26.195952973975942
60.54040650653978 10.50032249606676 23.853878050842066 26.186205959630993
60.523249859724096 10.495098623932376 23.851903684076714 26.176247551714958
60.50654488435992 10.489957453224598 23.849915830002754 26.166671601132535
60.489782337300284 10.484752931741005 23.84806433951314 26.15696506604612
60.47342644127688 10.479344489129026 23.84649179930348 26.14759015284439
60.45739429013627 10.47399134259202 23.844942747354896 26.13846020018942
60.44146377631793 10.46837429671421 23.843739851035934 26.129349628567724
60.42574460599798 10.462997635025593 23.842381371975076 26.12036559899734
60.410513404551054 10.45746637215567 23.841265574657456 26.111781457737912
60.39525577592846 10.451918721992516 23.840257750248917 26.103079303687007
60.380457138368854 10.446327774367584 23.8393888475122 26.094740516489065
60.36592184317602 10.440657414545626 23.838696770528447 26.086567658101977
60.3516457643101 10.435034651493217 23.83806033970203 26.07855077311486
60.33738287078793 10.429458823113817 23.83748246315773 26.070441584516367
60.32374806320463 10.42380356450071 23.837093134924793 26.062851363779114
60.310384905636695 10.418192182012236 23.836771891178696 26.055420832445783
60.297191330058986 10.412606401852319 23.836542399882802 26.04804252832388
60.28425051520238 10.407056016169989 23.83639794620573 26.040796552826684
60.271785238882046 10.401541850471732 23.836341509549797 26.03390187886051
60.2597889807977 10.396046415825356 23.83639229658951 26.027350268382843
60.24792164633427 10.390718770680433 23.83640836901555 26.02079450663829
60.23645550621059 10.385252513916798 23.83669836502958 26.01450462726419
60.225389102706586 10.379975996751355 23.836939089894766 26.008474016060475
60.21456526543219 10.374792005309112 23.83723036920193 26.00254289092112
60.2041657206784 10.369698482586301 23.837579495060176 25.99688774303197
60.19413695754869 10.364689409428909 23.837995608647525 25.991451939472242
60.184487863718026 10.3598080535439 23.838440623200178 25.986239186973926
60.17532591005046 10.35504251106324 23.83892854992104 25.98135484906614
60.16641826436181 10.350393101587226 23.839466054158656 25.97655910861598
60.15811655516098 10.34588156770182 23.84003381112964 25.972201176329555
60.150010269170096 10.341533745316015 23.840611279162516 25.967865244691588
60.14246031615207 10.337324844194018 23.841227397977857 25.963908073980182
60.13520571613814 10.333349045006889 23.841793344549206 25.960063326582052
60.128568451363506 10.32948858944346 23.842428498964296 25.956651362955792
60.12218721210867 10.325870228809332 23.843014033657273 25.953302949642104
60.11640118357635 10.322377070151099 23.843668694318453 25.95035541910679
60.11076289318965 10.319200722765318 23.84420833749346 25.947353832930883
60.1058543429369 10.316183274159979 23.844791821888784 25.94487924688813
60.10130029253598 10.313413678616492 23.84533742978499 25.94254918413446
60.09712077827375 10.310899345363799 23.84584263669664 25.94037879621328
60.093523619936065 10.308627811821735 23.846322527832655 25.938573280281677
60.09053102602389 10.306610437639684 23.84677085941631 25.93714972896791
60.08775222092567 10.304890037267839 23.847151742427123 25.93571044123069
60.08559112132479 10.303447943982198 23.847486591239992 25.93465658610256
60.083776526393905 10.302323948668981 23.847742080067825 25.933710497657074
60.08254694832762 10.301497078453277 23.847941953719513 25.93310791615483
60.08193666747342 10.300977777248551 23.848080303546826 25.93287858667807
60.08166607893538 10.30080993312727 23.848120727099225 25.932735418708905
