32.264063714613336 8.827782551816279 10.921580725606818 12.514700437190239
32.26411613976763 8.828707830266477 10.920833023871126 12.514575285630022
32.262593666347975 8.82734629919932 10.920894527147487 12.514352840001177
32.26085915060087 8.824721715430895 10.921945325507187 12.514192109662805
32.2597205516864 8.822216807901857 10.923151365562616 12.514352378221918
32.258950773201065 8.81967003550507 10.924540062383457 12.514740675312535
32.25844537421532 8.816946989584434 10.92616329643754 12.515335088193341
32.25815715738176 8.814052478613204 10.928019686879283 12.516084991889272
32.258031252719796 8.811002571542588 10.930089844608304 12.516938836568904
32.24517290756792 8.79300048958376 10.941084886275208 12.511087531708949
32.2428260326787 8.786375541739828 10.94530304593728 12.51114744500159
32.241649221225515 8.78166453301388 10.948463615189139 12.511521073022514
32.240607969582975 8.776946204533752 10.951691723830974 12.511970041218266
32.239757499697745 8.772331671308766 10.954917936531778 12.512507891857178
32.239109156628636 8.767839651686542 10.958134553025042 12.51313495191707
32.238591872641585 8.763425452233138 10.961361232378543 12.513805188029918
32.23827195959996 8.759117344380455 10.964586729310264 12.514567885909237
32.23808429211111 8.754929261893185 10.967799527161741 12.515355503056188
32.238055587753855 8.750848286596572 10.971007113340049 12.51620018781724
32.23820890841437 8.74684603432089 10.974228837228871 12.51713403686462
32.23851116317342 8.742963809773421 10.977437056216013 12.518110297183986
32.238940721075565 8.739238963395056 10.980608171242809 12.519093586437696
32.239536010419876 8.735564053782461 10.983807505032438 12.520164451604968
32.24023980264652 8.732094401980879 10.986938068790888 12.521207331874757
32.24105990041584 8.72877498933739 10.990035476895006 12.522249434183433
32.24209778645157 8.725275681406984 10.99328963408652 12.523532470958063
32.24322033331646 8.722071887675893 10.996431714315099 12.524716731325453
32.24446850434894 8.718996888484233 10.999541433615883 12.525930182248807
32.24584623592538 8.71599278155703 11.002662452465318 12.527191001903036
32.247335716918805 8.713139864102052 11.005743452875032 12.528452399941722
32.24894654840466 8.710349453957573 11.008833804809532 12.529763289637561
32.2506534281847 8.707780091194714 11.011844225390362 12.53102911159963
32.25247926010044 8.705227174140646 11.01489294066391 12.532359145295874
32.25442248103623 8.702711596639451 11.017954516585892 12.533756367810891
32.25644995592143 8.700452800367104 11.020917316328905 12.53507983922544
32.25860050198493 8.698071206109136 11.023990611371524 12.536538684504286
32.260816012628325 8.696185407359279 11.026826906344539 12.537803698924497
32.263173808422806 8.693914654122418 11.029888373834192 12.539370780466195
32.26560697791646 8.691830866548598 11.032920081924429 12.540856029443443
32.268124088479084 8.690057315002694 11.035802743891473 12.542264029584931
32.27073270245448 8.68825834427253 11.038737555330123 12.543736802851837
32.27343330556529 8.686603759546424 11.041608618569795 12.54522092744908
32.276223336638054 8.684927177176142 11.044528763528096 12.54676739593382
32.27908874471559 8.683432219885432 11.047389104517876 12.548267420312293
32.28203023814318 8.682113234799838 11.050180770183132 12.549736233160198
32.285062116477164 8.680700662420886 11.053044320742927 12.55131713331334
32.28816446998821 8.679470885831293 11.055844749773085 12.552848834383832
32.291338589628914 8.678380136730611 11.05860142652481 12.55435702637351
32.29459888714579 8.67720898890543 11.06140318094038 12.555986717299996
32.29792323157024 8.67618957362908 11.064169636658104 12.557564021283063
32.30131353572616 8.675368956010738 11.066850474656212 12.55909410505923
32.30478706061591 8.674424410230777 11.069602646517426 12.560760003867713
32.30831893600275 8.673602344738836 11.07233645298527 12.56238013827864
32.311921691848084 8.6728656614408 11.075030983527151 12.564025046880136
32.31558302127045 8.672268276207667 11.077681816411781 12.565632928650981
32.319313700317636 8.67168205189367 11.080333706797036 12.56729794162694
32.32310112089095 8.67120862376087 11.082958662398468 12.568933834731615
32.32694245930306 8.670972737146993 11.085475333975403 12.570494388180656
32.3308571835792 8.670574460852706 11.088068680614171 12.572214042112309
32.334821727541716 8.670249027665129 11.09068102882945 12.573891671047123
32.33884395551081 8.67005468227536 11.09321877972411 12.575570493511332
32.34292085806972 8.669965494196838 11.095722443787157 12.57723292008572
32.34705661764178 8.669849225884548 11.098243532194973 12.578963859562267
32.351247500165066 8.669764820644799 11.100764060541671 12.580718618978581
32.355486604726316 8.669754254664085 11.103274614107834 12.582457735954403
32.359772829949726 8.669961443919846 11.105685178922073 12.58412620710781
32.36411232407692 8.67016124090605 11.108097825296992 12.585853257873872
32.368504960938814 8.670339455996109 11.110529444601722 12.58763606034098
32.372942881936055 8.67056655230487 11.112961838658787 12.589414490972384
32.37743152598951 8.670888724451961 11.11534048063857 12.591202320898978
32.38196077007508 8.67122072993866 11.117750821582455 12.592989218553972
32.386537072066744 8.671721507316079 11.120069487836288 12.594746076914369
32.391159180321516 8.672179934325756 11.122410338393216 12.596568907602533
32.39582433758174 8.67269356524826 11.1247417834591 12.598388988874385
32.400533797715106 8.67327780645767 11.127040642177674 12.600215349079745
32.40528407873792 8.67387225131845 11.129344035905552 12.6020677915139
32.41007516924553 8.674524599602751 11.131633755174787 12.603916814467983
32.414906735697414 8.675217528461197 11.133898244081529 12.605790963154703
32.41977660924997 8.675946367646345 11.136158559648418 12.607671681955207
32.42468460186582 8.676759036185295 11.138386933346753 12.609538632333772
32.429631652608 8.677624156287692 11.140579322052854 12.611428174267472
32.434611971299645 8.678469308953305 11.14281204377043 12.613330618575926
32.43963049417485 8.67944578089202 11.144966843328445 12.615217869954387
32.444687084435145 8.68042289815082 11.147107905926273 12.617156280358047
32.449775696030045 8.681337467185958 11.149318604290718 12.619119624553369
32.45490065434385 8.682409224579393 11.151429401878898 12.62106202788557
32.46005480598581 8.683319652885832 11.153665435221702 12.62306971787827
32.46524480272702 8.684480462280234 11.155736868537998 12.625027471908798
32.47046328186084 8.685516742960312 11.157915425596011 12.627031113304517
32.47571391938004 8.686626576432563 11.160036351663647 12.629050991283847
32.48099500420541 8.687815193967895 11.162126397225304 12.631053413012223
32.48630842316832 8.689092466237135 11.164148866282545 12.633067090648638
32.4916488453309 8.690207131818099 11.166287106180684 12.635154607332108
32.49701407832448 8.691269863495318 11.168479423918097 12.637264790911056
32.50240986375604 8.69257066930141 11.170518950499563 12.639320243955062
32.50783284420713 8.693849841460386 11.17256146369249 12.641421539054265
32.51328010907054 8.695048343568113 11.174684836573055 12.643546928929377
32.51875480386385 8.696368324784222 11.17671290684821 12.645673572231413
32.52425241732773 8.697575456497962 11.178836215240725 12.64784074558905
32.52977659634752 8.698947900723967 11.180845754881508 12.649982940742039
32.53532243622293 8.700173779732031 11.18295528283214 12.652193373658744
32.52977042656179 8.697996938188627 11.181448524994101 12.650324963379056
32.5242457434537 8.696955107247028 11.179312868409113 12.647977767797553
32.51874674212628 8.695757416806149 11.17716476500906 12.645824560311084
32.51327264065964 8.69479532689231 11.1749180483654 12.643559265401926
32.5078241891862 8.69370604034881 11.172739872284062 12.641378276553333
32.5024019980697 8.692548243782797 11.170607432985044 12.639246321301862
32.497002016265675 8.691707461116508 11.16826045350329 12.637034101645888
32.4916331526036 8.690478329249844 11.166194056051793 12.634960767301955
32.48629191334088 8.68935942166552 11.164060041942534 12.632872449732826
32.480981379417294 8.688138669869007 11.162003203410679 12.630839506137601
32.475695968882626 8.68728978118605 11.159698059344354 12.628708128352223
32.47044410518198 8.686138347259876 11.157613057337572 12.626692700584531
32.46522019840666 8.685196899400047 11.155373612494586 12.624649686512013
32.46002896812894 8.68417431494269 11.153214044022086 12.622640609164181
32.454871527484976 8.68315098451957 11.15107579194643 12.620644751018975
32.44974804364429 8.682140833006573 11.148925068104576 12.618682142533135
32.44465672019183 8.681315010254579 11.146679362229706 12.616662347707544
32.43959949303916 8.680467377206845 11.144441518289224 12.614690597543095
32.43458037764144 8.679496236269951 11.142306580050857 12.612777561320652
32.429594688274605 8.678779202995337 11.140009004372814 12.610806480906472
32.424645693871874 8.678018329488959 11.13774195520199 12.608885409180909
32.419735166250035 8.677273284226107 11.13549430276224 12.606967579261683
32.41486295737145 8.676522343312605 11.133248825039598 12.60509178901922
32.41003064253328 8.675839516640373 11.130981115969515 12.603210009923403
32.40523887468044 8.675205297349887 11.128699054359716 12.601334522970838
32.400490033016226 8.674568671979824 11.126455722957449 12.599465638078964
32.3957781676155 8.674184194876606 11.12401624542644 12.597577727312444
32.3911114474049 8.673644983900678 11.12170976241703 12.595756701087192
32.38648661323305 8.673202090732385 11.119344481484918 12.593940041015754
32.38190759453492 8.672760980066275 11.11701194476612 12.592134669702526
32.37737454147959 8.672390334149215 11.11464273673704 12.590341470593351
32.37288669981875 8.6721375083582 11.112221331576144 12.58852785988441
32.3684493334062 8.671838746478759 11.109865065389371 12.586745521538047
32.36405760911647 8.671740084408743 11.107375772290444 12.584941752417288
32.359715243385104 8.671647500533915 11.10490311429148 12.583164628559715
32.35541938330018 8.671576857399394 11.102411038057571 12.581431487843206
32.351178396319106 8.671458045082682 11.099993677482734 12.579726673753688
32.34698941442819 8.67150428517856 11.097491164581944 12.577993964667698
32.342855267625815 8.67159169281754 11.094986958937998 12.576276615870292
32.338772884605326 8.671811305670671 11.092410688124342 12.574550890810322
32.33474766017246 8.672015802991124 11.08987380027789 12.572858056903454
32.330781116986685 8.67230310797488 11.087316076518299 12.571161932493519
32.32687031771011 8.672715750878643 11.084687518769146 12.569467048062329
32.32301638948621 8.673114058029789 11.082081346657496 12.567820984798916
32.31922695183135 8.673591628390112 11.079478269376017 12.566157054065213
32.3154996140872 8.674174944407696 11.076824070141496 12.564500599537988
32.311832425626285 8.674848654059144 11.074129169659058 12.56285460190807
32.30823000455603 8.675499299336309 11.071471969136384 12.561258736083333
32.30469280730989 8.676248111722325 11.068785212183606 12.559659483403953
32.30122761350542 8.677115801153809 11.066079664262887 12.558032148088724
32.29783148849205 8.678113125431866 11.063311064060295 12.556407298999865
32.294499893567725 8.679164454547294 11.060507146841498 12.554828292178938
32.291246755770345 8.680276200824352 11.0577398910035 12.553230663942482
32.28806120394509 8.681478630535038 11.054914267180733 12.551668306229313
32.28494947951525 8.682591848546906 11.052163467547208 12.550194163421116
32.28192213517567 8.683958950898209 11.049337312576705 12.548625871700771
32.2789740626229 8.685486040503267 11.046438143408357 12.5470498787113
32.27610387717419 8.687066920131343 11.04352257459419 12.545514382448655
32.273316492843925 8.688687590254782 11.040623330849144 12.54400557174
32.270611456931135 8.690357416215457 11.03772170043922 12.542532340276466
32.26799685538542 8.692139752038155 11.034803079869286 12.541054023477985
32.26546581506153 8.693961278265952 11.031873837049497 12.539630699746095
32.26302872568961 8.695917454114502 11.028923392909403 12.538187878665719
32.260683632849016 8.697913433612833 11.025980359579401 12.5367898396568
32.25843569659105 8.7000680967037 11.022995385218067 12.535372214669307
32.256295895602904 8.702371438561089 11.019988828404458 12.533935628637362
32.254250386909845 8.704869344739693 11.01687081937608 12.532510222794075
32.2522991125274 8.707248822419164 11.013851679837355 12.531198610270893
32.2504621428821 8.70979653242658 11.010808150075425 12.529857460380095
32.24873715282978 8.712497684648683 11.007721593940742 12.528517874240357
32.24711723785276 8.715259242787983 11.004625092048302 12.527232903016479
32.24560746893303 8.718057773389184 11.001544806570452 12.526004888973407
32.24423311574044 8.721017079929869 10.998480320212561 12.52473571559802
32.242968641870355 8.724169447226563 10.995296164604927 12.52350303003887
32.241823949886566 8.727266181272338 10.992201456447592 12.52235631216664
32.240812997559104 8.730519123278622 10.98908018633461 12.521213687945881
32.2399271981472 8.73382369545392 10.98596969978305 12.52013380291024
32.239188648039615 8.737345001381893 10.98281372377948 12.519029922878248
32.238583720055345 8.74101628222971 10.979594270978263 12.517973166847367
32.23812766025609 8.744678837625756 10.97646487552673 12.516983947103608
32.23780378854864 8.748442625729503 10.973304364922958 12.51605679789619
32.237624746977204 8.752196550976414 10.970218562625151 12.515209633375628
32.237622025604736 8.75614760529134 10.96711012853959 12.5143642917738
32.23775716971276 8.760217027072377 10.96393822106829 12.513601921572103
32.23806411611783 8.764345368669886 10.960834093735068 12.512884653712872
32.23854124685722 8.768530249756104 10.957754912860969 12.512256084240148
32.23919210615459 8.772779699125783 10.954713275596792 12.511699131432035
32.24001412862793 8.777127867927422 10.951668723880768 12.511217536819728
32.24100991439868 8.781544879174602 10.948641855666873 12.510823179557226
32.24218516370543 8.785916216733202 10.945721970409588 12.510546976562637
32.24353708996381 8.790386878491006 10.942797171159764 12.510353040313035
32.245074932169146 8.79475448340553 10.9400232046908 12.510297244072813
32.24679577145954 8.799182650849861 10.937280660285285 12.510332460324397
32.24870502132586 8.80349328538789 10.934689804190466 12.510521931747515
32.25079832153205 8.807826517002644 10.932137306932585 12.510834497596814
32.25307640933237 8.812114357921777 10.929676015472634 12.511286035937996
32.25554084549289 8.816247032305503 10.927379433965694 12.511914379221682
32.25819490563246 8.820252497347935 10.925272074500601 12.512670333783927
32.26102973511324 8.82409698323719 10.923333475560806 12.513599276315247
32.26406371399368 8.827783249908311 10.921579015854647 12.514701448230722
