147.01358483881825 10.751631616318928 63.19577597802977 73.06617724446974
147.01272776657058 10.751879490361869 63.19547711657062 73.06537115963809
147.0106053110084 10.75263179844598 63.19456714768766 73.0634063648746
147.00836278280642 10.753835341252236 63.19308389220251 73.06144354935168
147.0046633393902 10.755579270071653 63.19095568034685 73.0581283889719
146.99937281817895 10.757709644815456 63.18834824191537 73.05331493144794
146.99250188415496 10.760334915309977 63.18514948783445 73.04701748101044
146.98503278712818 10.763383107328123 63.181420387273846 73.04022929252612
146.9766029014034 10.76676557073211 63.17726049629553 73.03257683437577
146.96670572901144 10.770599662832122 63.17255663130706 73.02354943487242
146.95610940147355 10.774865672990495 63.16732198794915 73.01392174053397
146.94358886116754 10.779445025785638 63.16169435914502 73.00244947623698
146.93111030510605 10.78444297079239 63.15554317057521 72.99112416373877
146.9173128514369 10.789754140380198 63.14899510995495 72.97856360110175
146.9028221955123 10.795452194505737 63.14196819853201 72.96540180247437
146.88759358448374 10.80136712436059 63.13464000256786 72.95158645755524
146.87096168410298 10.807643897974897 63.126871859452514 72.93644592667552
146.85275899264454 10.814303356419488 63.11864761909666 72.91980801712833
146.8346810438365 10.821190979713764 63.11010499876892 72.90338506535382
146.81578463829976 10.828503128364977 63.10105603316565 72.88622547676913
146.79520462044104 10.83594179874914 63.09181796196016 72.86744485973172
146.77438200022297 10.843661825104958 63.082218122674426 72.84850205244352
146.75295485168476 10.851764825975048 63.07215847814166 72.82903154756814
146.73077584193484 10.860019261443359 63.06187576941139 72.8088808110802
146.70825122539898 10.868726349163481 63.051066773206784 72.78845810302869
146.68446044252664 10.877414488500094 63.040214350280706 72.76683160374589
146.65983901900663 10.886408103820598 63.02899509981767 72.74443581536845
146.63450908049714 10.895633917361067 63.017478601514725 72.72139656162119
146.60931032631018 10.905157723285638 63.00559076380439 72.69856183922019
146.5830014419598 10.91474573583996 62.993582681046455 72.67467302507352
146.5562806013492 10.92461437655039 62.981232778077576 72.65043344672142
146.52905471041743 10.934748103887555 62.9685584136913 72.6257481928386
146.50106445781657 10.94509352321275 62.95561890359744 72.60035203100625
146.47305846920094 10.955598382835696 62.942456788150025 72.57500329821548
146.44406614481102 10.966169777299232 62.92917693686343 72.5487194306487
146.415276599703 10.976944411752424 62.91563470575955 72.52269748219088
146.385801405586 10.988093704620962 62.901671426193815 72.49603627477111
146.35576887875797 10.999237920480553 62.88766027160062 72.46887068667668
146.32515230061534 11.010508869231147 62.873474968403855 72.44116846298064
146.29482605469389 11.022071910650801 62.85894821447791 72.4138059295652
146.26390634926932 11.033692509092777 62.84431472206023 72.38589911811603
146.23279719191746 11.045478883893038 62.82946525924554 72.35785304877889
146.20136355890887 11.057470131721022 62.81437185452311 72.32952157266455
146.16924184492902 11.069496700759583 62.79920095222244 72.30054419194701
146.13756775558727 11.081706753965848 62.78379919649802 72.27206180512353
146.10493574336544 11.094028479110506 62.768249391415324 72.24265787283983
146.07271310033164 11.10646186144581 62.752543332934444 72.21370790595148
146.03955842494705 11.119034183978819 62.736663873064785 72.1838603679034
146.00724411528725 11.131786696363939 62.72056163742183 72.15489578150124
145.9737177310709 11.144539961810201 62.704426434715614 72.12475133454483
145.94008991278437 11.157479813235614 62.68806901293149 72.09454108661734
145.90672232240317 11.170461018376402 62.671633485623836 72.06462781840294
145.8731633536117 11.183579217408134 62.655026719222555 72.03455741698109
145.8396995910924 11.196822042900045 62.638261610394494 72.00461593779777
145.80638126771677 11.210170025409035 62.62135648249308 71.97485475981478
145.77228956413435 11.22344729423703 62.604490517672396 71.94435175222497
145.73870113971907 11.237043991907287 62.587275840582386 71.91438130722948
145.70497564255456 11.250650129193733 62.570024168666365 71.8843013446945
145.6708809184225 11.264211750817788 62.552787258179436 71.85388190942521
145.63715617676118 11.278057631424453 62.53523844150854 71.82386010382814
145.60338594096226 11.291828944021308 62.517736990616235 71.79382000632478
145.56910744444838 11.305763587868974 62.500046573789746 71.76329728278984
145.53516518877768 11.319776977391871 62.482252560103994 71.73313565128173
145.50133387528925 11.333828733057436 62.4643939781427 71.70311116408911
145.46723534105072 11.347896350390767 62.446495584640225 71.67284340601978
145.43343191701567 11.36212699780135 62.42841193481886 71.64289298439544
145.3995319155687 11.376329474564022 62.41033248883609 71.61286995216892
145.36578235238431 11.390572680087049 62.392189122906544 71.58302054939068
145.3321992471655 11.404927045309515 62.37391104755698 71.55336115429927
145.298892441168 11.419494513823548 62.355403493906586 71.52399443343788
145.26550415292886 11.433942094105136 62.33699489498919 71.49456716383467
145.23159207953137 11.44847353334143 62.31848419590385 71.46463435028622
145.19835580321418 11.463043977176325 62.29991471980972 71.43539710622804
145.16509660614707 11.477676394852535 62.28126487294833 71.4061553383462
145.13226293612132 11.492415849568925 62.26248985829307 71.37735722825916
145.09933218704296 11.507109584169935 62.24374042055838 71.3484821823148
145.06641650780517 11.521816809743202 62.22496224787843 71.31963745018358
145.0344795412852 11.536893217888231 62.20579459047063 71.29179173292637
145.001421778725 11.551628719689603 62.186959146215806 71.2628339128198
144.96887200162652 11.56649127846312 62.16798109651942 71.23439962664389
144.93643095550888 11.581417474746376 62.14892473362731 71.20608874713542
144.90414655200632 11.59638142562128 62.1298164279446 71.17794869844063
144.87134775218297 11.611385166866869 62.11065509760684 71.1493074877092
144.83963934128712 11.626362020621801 62.091506968082456 71.1217703525829
144.808460350895 11.64151727385602 62.07216178593879 71.09478129110006
144.77668718843188 11.656590833867792 62.052892042258264 71.06720431230586
144.74526114438004 11.671716125283437 62.033558747421374 71.03998627167519
144.71369302374964 11.686899445523908 62.01415596092991 71.01263761729567
144.6820616873245 11.702197820510351 61.99462120446417 70.98524266234995
144.65297723247392 11.717387907236478 61.97517071030494 70.9604186149325
144.62118278115892 11.732511091691476 61.955798993293975 70.93287269617359
144.5906961397618 11.747713317160162 61.93631890044939 70.90666392215236
144.5609976646927 11.763040997034361 61.91669276138459 70.88126390627363
144.531017346313 11.778302320038533 61.897111708057736 70.85560331821661
144.5029932519759 11.793916359820427 61.87718440469168 70.83189248746395
144.472781412291 11.80895178514917 61.85772539631036 70.80610423083151
144.44250270251953 11.824124927506277 61.83818566290725 70.78019211210602
144.41210289572618 11.839191513054073 61.81870566830996 70.7542057143625
144.387127602221 11.855113964189366 61.79835868863435 70.73365494939728
144.35505995569542 11.869787652107547 61.779193257496985 70.70607904609095
144.32967271504305 11.885553380770473 61.75895177936721 70.68516755490539
144.357918826893 11.86982464462851 61.778924035557246 70.70917014670718
144.3887414029822 11.854577710175814 61.79846331172938 70.73570038107714
144.41756127956765 11.838988460789075 61.818316671150534 70.76025614762781
144.44730665492506 11.823570224129663 61.83802058045099 70.78571585034469
144.47703415081315 11.808154135533542 61.85774126666286 70.81113874861664
144.50723839534334 11.792848000039278 61.87734751904595 70.83704287625822
144.53798136302305 11.777608232557881 61.896875074238096 70.86349805622717
144.56790064283618 11.76220944687196 61.91652751102388 70.88916368494033
144.5977487001984 11.747067083523143 61.935946878156635 70.9147347385185
144.62901140923293 11.731633985435073 61.955653014781944 70.9417244090158
144.6600848598702 11.716581298763904 61.97496666936518 70.96853689174111
144.69044788486087 11.701170564394689 61.994627912275966 70.99464940819001
144.7224399923442 11.686078459318129 62.01396489960279 71.02239663342344
144.7528326333287 11.67082156031411 62.033453964119694 71.04855710889511
144.7848692242621 11.655776530578672 62.05272595865868 71.07636673502473
144.8163786570459 11.64063478456647 62.07208243318009 71.10366143929961
144.8482819432467 11.62573559777671 62.091183316605786 71.13136302886423
144.88027813481892 11.610404547562585 62.11070705765046 71.15916652960586
