50.31106518495138 7.956185238503688 24.520055242912274 17.83482470353538
50.308287747182625 7.955847445459528 24.520535014024524 17.831905287698532
50.30587759109309 7.955679797847183 24.521014286619277 17.829183506626638
50.3038577385861 7.9556893717612205 24.521479933502963 17.826688433321895
50.30220726290363 7.955877608926563 24.521925222726555 17.824404431250514
50.300969091309305 7.956268431980696 24.522317839377124 17.822382819951446
50.30010076234426 7.956861300383163 24.522654511128344 17.820584950832746
50.29974044128713 7.957834604382633 24.52272451462938 17.819181322275103
50.300817316456445 7.959974312413586 24.521631000925247 17.819212003117585
50.30520624837658 7.964278456772919 24.518291742671135 17.82263604893245
50.31210205590588 7.969760560309264 24.513853265502668 17.828488230093942
50.317747041196284 7.9740580884523276 24.51092293012382 17.832766022620156
50.326465759602215 7.980060554779146 24.506233739845207 17.84017146497797
50.33688063855007 7.985987184510169 24.5017013001075 17.84919215393238
50.3463766997905 7.990972390132437 24.49823857233799 17.857165737320095
50.35555201278417 7.994742086508553 24.496117943285725 17.864691982989882
50.36298753943473 7.997021799750848 24.495599716124435 17.870366023559516
50.369280426551875 8.00047784198401 24.49425435359624 17.874548230971662
50.37540378668993 8.003102665341643 24.493780899223538 17.878520222124735
50.38148770680164 8.005978331602902 24.49319753518355 17.882311840015255
50.38740724365002 8.008570735047332 24.492990215159423 17.885846293443297
50.39321911744479 8.01109508101269 24.492954869482908 17.889169166949202
50.399197806251394 8.013861105379583 24.492791371703902 17.892545329167955
50.40502876685736 8.016422915369752 24.49291953971256 17.895686311775062
50.41096208177046 8.01913175233815 24.493000285471336 17.898830043960967
50.41658345464174 8.021466504537088 24.493530950012218 17.90158600009246
50.42279779264857 8.024441648865958 24.493531329370224 17.904824814412375
50.428869585661154 8.027258757561096 24.493767166629695 17.907843661470395
50.434883621830316 8.030004580560728 24.49415236210722 17.91072667916242
50.440989943789745 8.032833657209757 24.494534663942876 17.91362162263715
50.44700966127087 8.035561799017989 24.495089740535185 17.916358121717685
50.453302061268914 8.038541251037788 24.495473420143774 17.919287390087337
50.459843051318316 8.04175533567563 24.495699084124155 17.922388631518523
50.46606057904655 8.044657710227359 24.496294332712626 17.925108536106578
50.472178771919985 8.047454464775015 24.497056604150377 17.927667702994626
50.478661391467114 8.05059885676344 24.497543664531143 17.93051887017257
50.48510625164155 8.053712876727309 24.49811992082407 17.933273454090227
50.49117471969544 8.056491186609048 24.49907811682592 17.935605416260444
50.49791698432337 8.05987093641497 24.499508908422285 17.93853713948613
50.504100298568545 8.062786285569002 24.5004401435435 17.940873869456034
50.508291517039815 8.064157576950288 24.502889944222503 17.94124399586702
50.51577940725132 8.068186077823045 24.50284780100734 17.94474552842095
50.52090862201783 8.070423389649433 24.504532104636745 17.9459531277316
50.524425645289924 8.07178237300427 24.506957217745935 17.94568605453974
50.528850746806604 8.074089408850469 24.508409027966017 17.946352309990136
50.53482470699485 8.077264139604015 24.50904500146603 17.948515565924808
50.54179567114503 8.081255791327317 24.508843546972315 17.951696332845426
50.550507063642975 8.086560705865828 24.50732737332482 17.956618984452334
50.56149767550438 8.093426686572636 24.504271319622628 17.96379966930913
50.57596796123826 8.102363976370011 24.499130112893443 17.974473871974862
50.59309010369717 8.1131975993177 24.492110361169146 17.98778214321029
50.61259354020175 8.125866623159942 24.483268961827534 18.00345795521433
50.63344226399239 8.139712918646813 24.473287922380788 18.020441422964744
50.65362864107737 8.15352337590684 24.463417422771325 18.036687842399193
50.67476730734851 8.167874741194753 24.453041406147566 18.05385116000618
50.68860477264633 8.17699543757617 24.44812670971632 18.063482625353817
50.702546468753795 8.186241783783036 24.443109916255004 18.073194768715755
50.7156440626331 8.194903232011718 24.438722063761954 18.082018766859385
50.73029312611462 8.204854557036818 24.43302576920082 18.092412799876964
50.741807987048524 8.21238305720143 24.429848407922506 18.099576521924593
50.755017294549035 8.221314882086705 24.425245057534646 18.108457354927744
50.7672854483464 8.229540309677951 24.42138631756591 18.116358821102597
50.780241749872935 8.23840340269078 24.4168876283184 18.124950718863783
50.7922744423196 8.246562156865123 24.41312817685814 18.1325841085963
50.80448479287657 8.254928990708091 24.409168602587567 18.140387199580886
50.81679057176886 8.263432927801883 24.405080465492304 18.148277178474693
50.82855568248507 8.271554488772205 24.401396452714348 18.155604740998545
50.84084645763484 8.28019633558941 24.397188130333184 18.16346199171226
50.85177987949448 8.287692963957829 24.3941649583285 18.16992195720815
50.86337058514032 8.295839033141805 24.39048355213787 18.177047999860676
50.875258799137455 8.304308140510528 24.386477313582844 18.184473345044072
50.88628201829526 8.312069460242965 24.383203404523513 18.19100915352879
50.897188949531724 8.319784747403357 24.379982096033785 18.19742210609458
50.90827059406726 8.327709059700943 24.37655067412535 18.20401086024095
50.92492279480955 8.34134092456914 24.367256033203503 18.21632583703691
50.93483650150721 8.3483290665068 24.364790141177934 18.221717293822497
50.944738294698034 8.355343465020109 24.362298673138707 18.22709615653924
50.954617544219296 8.36239339851351 24.35977199670774 18.23245214899805
50.96436492747198 8.369378462575602 24.35731208398825 18.237674380908164
50.9744736426257 8.376775141256223 24.35443005170872 18.24326844966079
50.98416815440249 8.38382650272474 24.35190095913113 18.248440692546612
50.99378816045784 8.390840195241385 24.349407503311266 18.253540461905175
51.003483808193856 8.398001482035928 24.346761139915998 18.25872118624187
51.013023566154104 8.405069268701762 24.344207132368684 18.26374716508367
51.02273862555145 8.412385517327257 24.341395251297087 18.26895785692706
51.03276380822166 8.42010193501619 24.338168605292726 18.274493267912757
51.04251811504485 8.427607202020353 24.33515266673056 18.27975824629392
51.05225659638989 8.435186996539834 24.332054259327705 18.285015340522325
51.06198319076458 8.442831212501922 24.328882952894865 18.290269025367767
51.07136273220023 8.450176465460776 24.326011803828653 18.295174462910822
51.0807978007857 8.457669343273528 24.322981421208503 18.300147036303677
51.090142126178804 8.465149291501621 24.31995618946109 18.305036645216116
51.09934485620203 8.47255474781097 24.316999158328912 18.309790950062098
51.10845189785914 8.479927755634945 24.314066659885114 18.31445748233908
51.11745347419297 8.487264507504463 24.311162220166665 18.31902674652188
51.12636199584604 8.494588993573391 24.308260644527948 18.323512357744665
51.13514623120413 8.50184006566233 24.305424806425787 18.32788135911601
51.14395435885177 8.50924609200603 24.302417898635916 18.33229036820984
51.15267120659182 8.516611531352508 24.299441906902402 18.336617768336875
51.16113276959238 8.523717126700873 24.29672409803782 18.340691544853605
51.169571130156356 8.530915026771215 24.293899045986784 18.344757057398404
51.16137414156399 8.524109256837788 24.296317342158513 18.34094754256771
51.15308166097246 8.517281445640643 24.29874792589037 18.3370522894414
51.144725407766465 8.510433274486873 24.3011872287562 18.333104904523385
51.13630150976791 8.503589976207838 24.30361141337541 18.32910012018467
51.12782248635388 8.49673030263348 24.306042470977655 18.32504971274274
51.1192577217964 8.489795946722419 24.30853974305784 18.32092203201611
51.110580242486726 8.482940063406565 24.310949821726457 18.316690357353757
51.1018826868747 8.476072894252097 24.313360637349565 18.31244915527299
51.09311684759528 8.469036665210046 24.315934096879868 18.3081460855054
51.08421204032536 8.46222160876525 24.31827855446223 18.303711877097882
51.075258108000035 8.455258916714058 24.3207638182056 18.299235373080343
51.06623824705886 8.448300950626649 24.32323727391954 18.294700022512625
51.057154449716656 8.44130527936588 24.325742162991578 18.290107007359197
51.04798975090395 8.434384159187987 24.32816637328852 18.285439218427516
51.03876299390622 8.42742279298983 24.33062491338436 18.28071528753202
51.029479345185436 8.420450071655319 24.333090366268888 18.275938907261214
51.02011565780144 8.413369834848869 24.33565943830558 18.271086384647024
51.010702449697376 8.406494884448984 24.33801858079629 18.266188984452107
51.00126749256512 8.399554567717038 24.340439631737233 18.261273293110758
50.99170212627641 8.392540976075468 24.342932638290307 18.256228511910617
50.98209406171845 8.385537243901105 24.345413771091575 18.25114304672576
50.97242690206614 8.37855682858342 24.347869894713956 18.246000178768757
50.96266218404114 8.371442071606491 24.35046052342683 18.240759589007755
50.95288887741699 8.364525187779678 24.352853078244458 18.235510611392893
50.94304416678905 8.357526895091384 24.355327787450857 18.230189484246793
50.933114185479255 8.350491658686316 24.3578415843472 18.224780942445705
50.92314045712064 8.343484204186234 24.360329881358727 18.219326371575608
50.913131701835184 8.336501606011563 24.36279619825023 18.2138338975734
50.90307324837209 8.329450113083677 24.365335888668223 18.208287246620195
50.89293410954947 8.322478561177865 24.367800478246203 18.202655070125402
50.882769668171605 8.315452910920145 24.370325033315417 18.19699172393604
50.87258465738465 8.308455777371654 24.37282745459076 18.19130142542227
50.86229459938265 8.301487250506472 24.37530922591165 18.185498122964564
50.85194236402499 8.294588569050537 24.377729910502488 18.179623884471933
50.841687325392684 8.28752592267958 24.380323645220987 18.173837757492116
50.831247256224465 8.280619456339748 24.3827722701874 18.167855529697302
50.820940996137445 8.273583241462985 24.385362001736336 18.16199575293814
50.81041151371378 8.266763151621982 24.387748762777093 18.155899599314694
50.8000502767817 8.259714969014555 24.39037719713759 18.14995811062952
50.789583991549264 8.252866786791815 24.39282063646463 18.143896568292842
50.77912252839886 8.245955441640492 24.395343252200963 18.13782383455745
50.76858997830705 8.239135973481774 24.397791635376823 18.13166236944842
50.758105506012335 8.23224339329614 24.40033183777085 18.125530274945312
50.74749043712018 8.225497863906984 24.402745246755188 18.119247326458012
50.736928858339624 8.218728900419226 24.40520343018547 18.112996527734918
50.72649425990243 8.211818594530849 24.407825393910198 18.10685027146139
50.71587611699226 8.205189680313875 24.41019031292348 18.100496123754926
50.70545459956445 8.198351951499784 24.41278931041918 18.094313337645495
50.69486301216644 8.191805519966065 24.415124254935407 18.08793323726496
50.684460921514955 8.18505178700163 24.417694686095686 18.081714448417674
50.67386800551439 8.178516485216006 24.420077079646124 18.075274440652333
50.66353837068467 8.171868592311055 24.42260332294573 18.069066455427865
50.653015572861044 8.165423789774314 24.424960197154263 18.062631585932433
50.642710676627274 8.158860181603755 24.427470388495838 18.05638010652768
50.63227997702963 8.152397312418172 24.429916921411216 18.049965743200236
50.62204501151523 8.146004097838306 24.432332093917843 18.043708819759093
50.611793450952575 8.139651790509522 24.434746548991708 18.037395111451353
50.60151473325281 8.133382944566014 24.437119899998176 18.031011888688596
50.5913258287667 8.127214430835327 24.439437038962204 18.02467435896913
50.581370953087955 8.12089406505416 24.4419515022129 18.018525385820894
50.57125684898676 8.11486004957026 24.444227987579744 18.012168811836784
50.56150102915146 8.108588420798945 24.446791497281897 18.006121111070616
50.55156253905332 8.102687417673785 24.44903665650521 17.999838464874347
50.541787861431374 8.096714974685405 24.451407353438434 17.99366553330751
50.53217126494628 8.090807828282534 24.4537689944216 17.987594442242123
50.52263329901318 8.085004655287255 24.456085051650938 17.98154359207494
50.51302642505157 8.079411824603199 24.45825189265556 17.975362707792833
50.50380454232973 8.073658966572959 24.46064110406501 17.969504471691778
50.494589707299944 8.068086461822304 24.462915715192644 17.963587530285
50.48546779641554 8.062628050208444 24.465144042988403 17.957695703218704
50.47647393021446 8.057244276836476 24.46736725170644 17.951862401671537
50.467572525934145 8.051969435155327 24.469555158085186 17.946047932693627
50.45894251839792 8.046741341795652 24.47177145730515 17.940429719297157
50.450191827343595 8.041580310396919 24.47399421381 17.934617303136708
50.44167906430991 8.036476686862965 24.47624089419564 17.928961483251307
50.433478834383735 8.031590340173034 24.478357072549134 17.92353142166153
50.42540384848575 8.026709499567902 24.48055038170255 17.918143967215247
50.41749389290185 8.02196582722008 24.482695746145435 17.91283231953633
50.40980535420087 8.01735016644372 24.48480492472808 17.90765026302904
50.40234128086463 8.012869148490074 24.486874223187165 17.902597909187424
50.39510580867656 8.008519897184513 24.488909274524122 17.89767663696789
50.38809786369815 8.00430429081799 24.490911058594417 17.892882514285773
50.38132631073944 8.000230463387227 24.492874659681863 17.888221187670386
50.37482534402253 7.996301868244833 24.4947997252403 17.883723750537392
50.3685771601841 7.992520821988011 24.496686973127296 17.879369365068808
50.36258058935995 7.9888892151387445 24.4985375841662 17.875153790054966
50.35687390563222 7.98541328394251 24.50034871519637 17.87111190649331
50.35144493972473 7.982095488003169 24.50212107077521 17.86722838094636
50.34630174752494 7.978940892706877 24.503852956089137 17.863507898728866
50.341454553612834 7.975951537644055 24.505545616513395 17.859957399455386
50.336908763722334 7.973133606806905 24.507196366919096 17.856578789996348
50.33267529687044 7.97048980818008 24.508805912471306 17.853379576219087
50.32877165911877 7.968025102307348 24.510372866129032 17.85037369068239
50.32518772496308 7.965744126159439 24.511896113200994 17.847547485602654
50.32194342436206 7.963651175277217 24.51337498622358 17.84491726286127
50.31904704222753 7.961751150698943 24.514808250038577 17.842487641490035
50.31650264043939 7.960049111931872 24.516194546989027 17.840258981518538
50.31431889670726 7.958550312487122 24.517532394342773 17.838236189877406
50.312509022642494 7.95726042314408 24.518819935856605 17.83642866364182
50.311079539043476 7.956185335680619 24.52005514561102 17.834839057751793
