59.41262113559381 10.299219434193537 23.17790819910249 25.93549350229783
59.4129591214391 10.299413217051995 23.177848614061805 25.935697290325276
59.413628450626454 10.299997405240635 23.17766182985749 25.935969215528335
59.41472327374163 10.300958189360506 23.17735373336313 25.936411351018005
59.41623333260283 10.3022851377527 23.176927125075956 25.937021069774158
59.418123672962544 10.303969299931962 23.17638353806633 25.937770834964212
59.42040014061496 10.305999337859724 23.175727119187055 25.9386736835682
59.42300538154919 10.308368720407096 23.174957334167164 25.93967932697497
59.42598472371502 10.311063278339294 23.17408163274967 25.940839812626002
59.42926719510338 10.314078152646653 23.173098125488888 25.942090916967825
59.432874956285126 10.317400167951956 23.172013446142817 25.94346134219036
59.43681241154903 10.321020860712576 23.1708302225444 25.944961328292084
59.44099027214584 10.324936263190672 23.169545573177807 25.946508435777375
59.44546891389087 10.329130692982904 23.16816963239553 25.948168588512367
59.45020945109046 10.33359560642208 23.16670434369706 25.949909500971295
59.455234001056496 10.338327064500387 23.165149873048126 25.951757063507962
59.46048191121938 10.343320719138497 23.16350437120734 25.95365682087356
59.465948823281934 10.348550984262697 23.161785078698315 25.955612760321003
59.47168206078779 10.354017019428104 23.159990033568604 25.957675007791067
59.477628905374345 10.359725181198618 23.158110282973542 25.9597934412022
59.48376029422836 10.365646171326777 23.15616403043373 25.9619500924679
59.49012980900056 10.371772510709105 23.154156524519387 25.96420077377206
59.49670805192106 10.378104776523045 23.152083544898286 25.96651973049977
59.50345034151713 10.38464221362948 23.14994058466748 25.968867543220174
59.510387857289224 10.391368543594997 23.1477394554781 25.97127985821613
59.51755892621214 10.398257173642316 23.14550088673702 25.973800865832803
59.52484466783403 10.405341087170324 23.143188695422186 25.976314885241496
59.53238450854811 10.412562595627596 23.14085626865118 25.978965644269287
59.539984995598815 10.419987030367691 23.138435160113847 25.98156280511729
59.547823981185616 10.427539742860294 23.13599570544829 25.984288532877056
59.555759731018966 10.435284969586318 23.13347774313694 25.986997018295675
59.56388904747652 10.44313604102699 23.130946862619776 25.98980614382973
59.57215006008986 10.451116499197001 23.128383198769683 25.992650362123193
59.58064592608036 10.459213661384346 23.125802181546376 25.99563008314962
59.58921506066044 10.467444777099923 23.12317407429859 25.99859620926193
59.59803689349175 10.475716181223405 23.12058015992953 26.00174055233879
59.606946935377636 10.484094929297598 23.117959179055926 26.00489282702412
59.61604347509945 10.492533111658682 23.11535211845961 26.008158244981196
59.62552967937907 10.500841177751171 23.112917319528563 26.011771182099345
59.63482292310714 10.509468930934071 23.110269320024763 26.015084672148266
59.64450527729365 10.517976904790185 23.107771495656575 26.01875687684696
59.65476247399154 10.52601327496631 23.10570905621666 26.023040142808533
59.676249184222385 10.522602059774869 23.11284620309659 26.04080092135091
59.7080621322143 10.51017435522711 23.127172061244657 26.070715715742555
59.72033824507538 10.51695483622596 23.126243881078825 26.077139527770616
59.73223744930559 10.52428418444018 23.124926841209334 26.083026423656044
59.74461868007591 10.531256688724996 23.123928411648 26.08943357970292
59.75688592713256 10.538556865155712 23.122716306416887 26.095612755559937
59.76943616849796 10.545746673994916 23.121628532318077 26.102060962184947
59.781939125923685 10.553070156323471 23.120472612672028 26.1083963569282
59.79457082800227 10.560453716996891 23.119306429594925 26.114810681410486
59.80733053235625 10.56770947234539 23.118269802652108 26.121351257358704
59.820024267793556 10.575241569253421 23.117056720803333 26.12772597773684
59.83318475364149 10.582473162012349 23.116105175820568 26.134606415808566
59.84622729490612 10.589683425148182 23.115195567640956 26.141348302116942
59.85952528961872 10.59709691731816 23.114167482821617 26.14826088947896
59.872686244769234 10.604691069327638 23.113048012942386 26.15494716249922
59.886051185677616 10.612043536297033 23.112090267551032 26.161917381829568
59.899249800324284 10.619678157499035 23.110980602058035 26.16859104076724
59.912489561957884 10.62710607088039 23.11001947848434 26.175364012593107
59.926506009933114 10.634452413520146 23.109246434781966 26.182807161631015
59.93940047576838 10.642365066395278 23.10790600324389 26.189129406129236
59.95283557817394 10.650126063803214 23.10675400533102 26.1959555090397
59.96682849687913 10.657485415306608 23.105977198542423 26.20336588303016
59.9806435934234 10.664947194591031 23.105160995522308 26.210535403310026
59.99425009727963 10.672665105563963 23.104084439045014 26.217500552670685
60.00808404998897 10.680114303144892 23.103269870507578 26.224699876336516
60.02206219856291 10.687636770816074 23.102415414368277 26.232010013378556
60.03616430200833 10.69502161633789 23.101683325296154 26.239459360374312
60.0502332604054 10.702362448093766 23.101049329405768 26.24682148290588
60.06422809259388 10.709929675999042 23.100162155288466 26.25413626130632
60.0784214700562 10.717250677373213 23.09951963593736 26.26165115674565
60.09273488254003 10.724469818346975 23.099029738238883 26.269235325954124
60.10686194848047 10.732034579757459 23.098180065743286 26.276647302979722
60.12089084407949 10.739565177770897 23.09738656241368 26.28393910389493
60.13556519663908 10.746540283190603 23.097088806089126 26.2919361073594
60.149955569243225 10.75366332488465 23.096709706261926 26.299582538096654
60.16393057386422 10.761235391029718 23.095881005454025 26.306814177380435
60.178428275064334 10.768402689810944 23.095457696348852 26.314567888904524
60.19292829394151 10.77558684327799 23.095017398251382 26.322324052412167
60.20770656844579 10.782551263068761 23.09474364185188 26.330411663525148
60.22241472108679 10.78939578889494 23.09464192699128 26.338377005200588
60.236554505248925 10.796824707211156 23.09395059350315 26.34577920453465
60.25121371572572 10.803794045009015 23.093715359444676 26.353704311272015
60.26587014076248 10.810765589618299 23.093473685283122 26.361630865861045
60.28056037088725 10.817683510623272 23.09328072876824 26.36959613149578
60.29502457144302 10.824497309770548 23.093136988108704 26.377390273563726
60.31049368564997 10.83080921476299 23.093541344005974 26.386143126881034
60.32461663369332 10.838170406327519 23.09288502521361 26.39356120215214
60.33940494474932 10.844862818317837 23.09288995259413 26.401652173837356
60.35418430771094 10.851551143176152 23.092890563820248 26.409742600714505
60.36898573747449 10.858181659836546 23.092940034760417 26.417864042877582
60.38379936259598 10.864761437680713 23.093030700197968 26.426007224717274
60.39840563619614 10.87135129088503 23.093065732782726 26.433988612528406
60.41332616849765 10.877786308254045 23.09327983676315 26.44226002348045
60.42815464485339 10.884224650832325 23.093479230825935 26.450450763195164
60.443011406116305 10.8905940617811 23.09373583103031 26.458681513304935
60.45787239552064 10.896909677800739 23.094034002793858 26.46692871492607
60.47273552410758 10.903171907385792 23.094372845393067 26.475190771328695
60.487599460603434 10.909380519005378 23.094752114000435 26.48346682759761
60.501898339404065 10.915635593299836 23.095016458418332 26.491246287685883
60.48651972774965 10.910387089314963 23.093683221083072 26.482449417351642
60.47192423175054 10.903731795483605 23.093741677917745 26.474450758349228
60.4570600170055 10.897465533020613 23.093399119298017 26.466195364686936
60.44225994785157 10.891057121173874 23.09318637417887 26.458016452498768
60.42746045455896 10.884609095097916 23.093001476066934 26.449849883394076
60.4126721501198 10.87810570767446 23.092860626951154 26.44170581549423
60.397893689558245 10.871551503498289 23.092759779911734 26.43358240614819
60.38312650634795 10.864946840478359 23.09269909083286 26.425480575036644
60.36837179988621 10.858292674610764 23.09267813863638 26.417400986639038
60.353630968478654 10.851589786694408 23.092696698201863 26.409344483582373
60.338905478002836 10.844838972461377 23.092754550782697 26.401311954758786
60.324196857743004 10.838041034309075 23.09285149267751 26.393304330756393
60.30950668406359 10.831196799807907 23.09298731716675 26.38532256708892
60.294836572608816 10.824307129654727 23.093161807019015 26.377367635935013
60.28018817302302 10.817372923816945 23.093374728830668 26.36944052037541
60.26556316595856 10.81039512542751 23.09362582963944 26.361542210891667
60.25096326151121 10.803374723338129 23.09391483490603 26.353673703267024
60.23639019860185 10.79631275376967 23.094241447424466 26.34583599740776
60.22184574494794 10.78921030141191 23.094605346808844 26.33803009672717
60.206534009661574 10.783041633294625 23.09403519761757 26.329457178749415
60.19264956428432 10.775080022200546 23.0952532445654 26.322316297518363
60.17826321744366 10.767823566896922 23.095766413423803 26.314673237122896
60.16389525869116 10.760517457907502 23.096329328254768 26.30704847252889
60.1495364227314 10.753214570069701 23.09689004990724 26.299431802754505
60.13497828680006 10.746219430036598 23.097145373353943 26.29161348340951
60.12085304929985 10.738599300639946 23.098028104371735 26.284225644288156
60.10662642903039 10.7312025697847 23.098691475243317 26.276732384002376
60.09220988210833 10.724102720758415 23.09906330411609 26.269043857233807
60.07822306787568 10.716396679445426 23.10004676300353 26.26177962542673
60.06414560945451 10.70891320922283 23.100814861944784 26.25441753828686
60.04987977384703 10.701735929590937 23.101285425502674 26.24685841875342
60.0360487364758 10.693961134976915 23.102362240362563 26.239725361136347
60.02213908989927 10.68640749797359 23.10322859509495 26.23250299683071
60.0080425692909 10.679168904393316 23.103792215204635 26.225081449692947
59.994390561137024 10.671339261712298 23.10495920462778 26.218092094796937
59.9806699142825 10.663732031476691 23.10591830797751 26.211019574828267
59.96676357195311 10.656448813042134 23.106569726384812 26.20374503252618
59.953314930879564 10.648579857180074 23.10782309363411 26.196911980065376
59.939805822870866 10.64093709497936 23.108868991853264 26.18999973603827
59.92635729895334 10.633293173384642 23.109935994840654 26.183128130728107
59.912974898242695 10.625659457523934 23.111014278121324 26.176301162597422
59.89966913041839 10.618027486629572 23.11211386094314 26.16952778284565
59.886444870973875 10.610397567548567 23.113236042670113 26.16281126075522
59.87330598109451 10.602770986868396 23.114381188654693 26.15615380557145
59.86025581692805 10.595149800849448 23.115548942634444 26.14955707344424
59.84729759099176 10.587536370097718 23.116738693451 26.14302252744308
59.83443449106576 10.579933234516359 23.11794970148622 26.136551555063118
59.82166973243508 10.572343056540003 23.119181156777163 26.130145519117907
59.80998856442426 10.5643366234013 23.120851726916175 26.124800214106767
59.79688260292434 10.556931052535873 23.121971536636195 26.11798001375232
59.78422246247375 10.549669135351262 23.122987499022532 26.111565828099902
59.77200917474697 10.541925833544482 23.124525360994067 26.105557980208445
59.75959423694816 10.534721370967583 23.125568857603064 26.099304008377462
59.74761135454794 10.527049887722443 23.127123989624604 26.093437477200826
59.7360739475082 10.519357593930954 23.128745073891956 26.087971279685277
59.724357289573206 10.511903132237915 23.130178382945573 26.08227577438974
59.71215622252416 10.50495764062031 23.131159230518413 26.076039351385432
59.70149688862151 10.497112002742416 23.133083584355894 26.071301301523192
59.6895340123983 10.490052091499667 23.134291113028688 26.065190807869946
59.67802233191472 10.48312207192005 23.13542951494757 26.05947074504712
59.66692140753238 10.47581317830847 23.137008960136452 26.054099269087473
59.656354394597315 10.468493348327321 23.138661486264606 26.049199560005377
59.64560149068697 10.461445176397381 23.14011053614509 26.04404577814452
59.63500664903365 10.454460176144046 23.141567585088254 26.038978887801317
59.62398549374818 10.447950215877775 23.142628383827137 26.033406894043292
59.614082103459964 10.440802284827194 23.144400181863748 26.02887963676905
59.60396918241591 10.434084474130417 23.14582216091587 26.024062547369606
59.59404245104214 10.427431683029535 23.14726277403425 26.01934799397838
59.58429599642599 10.420877263570768 23.148691951693234 26.01472678116203
59.57473772713623 10.414422452814772 23.150111884452418 26.01020338986904
59.565372858274465 10.408072853354748 23.151520481493616 26.005779523426114
59.556206721918294 10.401833796104968 23.152916025375678 26.001456900437663
59.5472447120451 10.395710848151747 23.154296665921578 25.997237197971828
59.538492321592265 10.389709746841623 23.15566048996969 25.993122084780982
59.52995515061007 10.383836423949926 23.157005500865733 25.989113225794434
59.52163892023319 10.378097017950711 23.158329610129638 25.985212292152802
59.51354949386845 10.37249788739296 23.159630628223326 25.981420978252178
59.505692908637165 10.367045619707863 23.160906260090815 25.9777410288385
59.49807541769962 10.361747032698059 23.162154108196606 25.97417427680497
59.49122289954049 10.356548833229983 23.163419816621268 25.971254249689174
59.48344563709551 10.351800642160145 23.164388235475926 25.96725675945946
59.47712476729932 10.346785500282815 23.165744324115902 25.964594942900632
59.47058652456243 10.342077992902178 23.166954535730614 25.961553995929606
59.46398089978477 10.337816402657156 23.167870027397896 25.958294469729704
59.45829074190488 10.333496918284258 23.168986658670708 25.955807164949885
59.45297930616483 10.329397066645623 23.170039176241104 25.953543063278087
59.44785460309676 10.325510198589438 23.171048451432018 25.951295953075295
59.44298348006875 10.321875229518453 23.17198012572719 25.94912812482309
59.43846216623944 10.318475367181085 23.172854132949283 25.94713266610908
59.43429919629433 10.315304920092014 23.173682354130737 25.9453119220716
59.43041508659982 10.312396353570984 23.174438812995835 25.943579920032988
59.42688688770703 10.309748730100528 23.175130401512398 25.9420077560941
59.4237013265922 10.307373653077104 23.17575207283097 25.940575600684134
59.4208656306465 10.305282465072588 23.17629924662636 25.939283918947588
59.418430984321354 10.303480386212069 23.176773755012942 25.938176843096333
59.41640858045356 10.301979112878621 23.177171210177054 25.93725825739789
59.41477806939044 10.300794232505764 23.177483600202514 25.93650023668219
59.41361563940172 10.29992958127056 23.177714859601757 25.93597119852937
59.41290770541185 10.299401215995271 23.177857027527466 25.935649461889046
59.41266728123619 10.299222144802862 23.177905460206027 25.9355396762273
