59.412710257854805 10.299216918246197 23.17791065645588 25.935582683152703
59.412950367740486 10.299413534276283 23.177848295951243 25.935688537512977
59.41362137677379 10.299997609910736 23.177661624126568 25.935962142736532
59.41471404381611 10.300958467339774 23.17735344685519 25.93640212962119
59.41622031555747 10.302285684482168 23.1769265551654 25.937008075909837
59.41811408258462 10.303969566996422 23.176383222912214 25.93776129267595
59.42037988148328 10.30600016682275 23.17572617999283 25.93865353466771
59.42300243223825 10.308367782491413 23.17495808869933 25.9396765610475
59.42596970374833 10.311062606512527 23.174081928714887 25.940825168520927
59.42926477028449 10.314075104366555 23.173100522253115 25.942089143664838
59.432874999884 10.3173960536243 23.172016633762027 25.943462312497665
59.436794926730926 10.32100989766095 23.17083859278225 25.94494643628773
59.44098504817621 10.324921117706555 23.169557130158463 25.94650680031118
59.445498949887046 10.329095851628791 23.16819786242558 25.948205235832635
59.45026132975159 10.333551110141073 23.166740685623687 25.949969533986827
59.4552886942668 10.338255835597261 23.165207029982415 25.95182582868711
59.46055361176569 10.343226873424015 23.163579853386143 25.953746884955528
59.466064429601516 10.348438066790973 23.161876359695256 25.95575000311525
59.47181598480211 10.353884119953385 23.160097562650662 25.957834302198084
59.477802255356934 10.359548615204336 23.15825300733537 25.960000632817213
59.484003262100245 10.36543052994192 23.156339490714885 25.96223324144343
59.490397300075216 10.371539806323119 23.15434552867947 25.96451196507264
59.49702266179046 10.377828485240046 23.152307907269595 25.966886269280774
59.50382707981819 10.38432892962022 23.15019550006068 25.9693026501373
59.510829916824285 10.391010974340075 23.148030946605253 25.97178799587893
59.5180059677138 10.397866617361565 23.14581611989255 25.974323230459717
59.52547760986993 10.40482793932204 23.143606192537035 25.977043478010803
59.533078990723524 10.412001861740123 23.141309986283567 25.97976714269987
59.5406690892994 10.41937880970763 23.138926089991024 25.98236418960073
59.54878062789942 10.426789649531953 23.136604787026243 25.985386191341256
59.55695330610304 10.434372559991552 23.13421824065545 25.98836250545604
59.56577251243584 10.4417175712985 23.132100832322585 25.991954108814774
59.57592255159696 10.448020849822655 23.1308909435602 25.99701075821406
59.594273437271156 10.445226043120893 23.136986455016245 26.012060939134017
59.614109239578184 10.441865628019743 23.14359161587299 26.028651995685433
59.624802089743895 10.448218423446123 23.14252016229778 26.03406350400002
59.63526907857254 10.454803906204136 23.141400843697728 26.039064328670634
59.64600485348698 10.46195868048314 23.139739545225808 26.044306627778013
59.65688449157264 10.468927570888491 23.138357884413598 26.049599036270553
59.66786646498092 10.475990050834083 23.136956356126042 26.054920058020798
59.67900444103613 10.483120248850838 23.135554325274683 26.06032986691062
59.69027198312921 10.49029845904956 23.134163793909433 26.065809730170233
59.701705052014006 10.497522656096574 23.132786582829468 26.07139581308796
59.713306652826795 10.504795033090515 23.13141934173337 26.07709227800292
59.725062382119084 10.511191015058236 23.13100080995929 26.082870557101568
59.73679476870256 10.519503708045818 23.12868765236465 26.088603408292148
59.748806076484456 10.526886462711412 23.127364531791148 26.0945550819819
59.760903556563626 10.53434343569707 23.126026699124303 26.100533421742263
59.773068163965874 10.541836360299627 23.12469407619153 26.106537727474745
59.785354753875936 10.549340657741347 23.12339012737141 26.11262396876316
59.79780157904843 10.556873195344274 23.122102651084873 26.118825732619264
59.81030619513576 10.564433644216649 23.120826488451478 26.125046062467643
59.82295362130919 10.572010281837914 23.119571780077262 26.131371559394054
59.835704967938916 10.57959782593205 23.118339264708723 26.13776787729818
59.848507038176706 10.587205033000632 23.11712212246918 26.14417988270687
59.861462106768094 10.594815886837939 23.115931369111134 26.150714850819025
59.8744551519712 10.602434103102643 23.1147628669981 26.157258181870443
59.88760086230331 10.610050113969255 23.113627075451678 26.163923672882408
59.90086395190044 10.61768718028079 23.11249588859019 26.17068088302945
59.91412073661583 10.625316894756079 23.111398427677297 26.177405414182505
59.92747263029163 10.632947809880891 23.110320373034313 26.184204447376473
59.94088854452348 10.640572244180357 23.10927072389498 26.1910455764481
59.95439717650918 10.648189933714104 23.10824729884092 26.197959943954206
59.96797513722173 10.655792191242607 23.107256810793725 26.204926135185417
59.981660985103865 10.663379759635006 23.106299128707583 26.211982096761286
59.99545785294629 10.670952565626811 23.10537153823583 26.21913374908365
60.00923191817613 10.678512157334527 23.104468751083118 26.22625100975854
60.02305857843203 10.686051051772203 23.103605045634193 26.23340248102566
60.03693517307383 10.693585914471532 23.102754980971007 26.2405942776313
60.050949587678 10.701088497317016 23.101950413773455 26.2479106765876
60.06503556736099 10.708567829432601 23.10117556205627 26.255292175872132
60.079111134725295 10.71602533661462 23.10043103218894 26.262654765921734
60.093297978632336 10.723453037155874 23.099719430277727 26.27012551119873
60.10736586213521 10.730851856190938 23.0990474250266 26.27746658091769
60.121565594755104 10.738230587121752 23.09839798568952 26.284937021943858
60.13600641013457 10.745556789622036 23.09780696729157 26.292642653220987
60.15023083433539 10.752864772350112 23.097237014518655 26.300129047466637
60.164728907833805 10.760128727894324 23.096712848823362 26.3078873311161
60.17916225788856 10.767356419235691 23.096226990435753 26.31557884821713
60.19356153177156 10.774540161925959 23.095783552059324 26.323237817786307
60.20796881275605 10.781732770012674 23.095329686986734 26.33090635575665
60.22259951982829 10.788849263950695 23.094950060703756 26.3388001951739
60.23713659891153 10.79591069699402 23.09462348072947 26.34660242118806
60.2516779425582 10.8029636607557 23.0943023810162 26.35441190078633
60.26625056787952 10.809966128850585 23.09402685669411 26.36225758233484
60.28084792078317 10.816893921368228 23.093821486372924 26.370132513042044
60.29568703020784 10.823620723091226 23.09381171079115 26.37825459632545
60.31022222573791 10.830742076335927 23.09340267325445 26.38607747614751
60.32497455955742 10.83748114918756 23.093366430749423 26.394126979620484
60.33965673039973 10.844245810753252 23.093296961916188 26.402113957730275
60.35441260640707 10.850954113294009 23.093275718412926 26.410182774700182
60.368984488076265 10.85760491906148 23.093303126457293 26.418076442557474
60.383874399465796 10.864299030819627 23.093279565891336 26.426295802754854
60.398711724113824 10.870802843460126 23.093433928491798 26.434474952161928
60.41347113040446 10.877311634141456 23.09357271247847 26.442586783784556
60.42809902247854 10.883780176909458 23.093740477453874 26.450578368115224
60.442991890992786 10.890284934038505 23.09386236677399 26.458844590180348
60.45788746180263 10.89655736844398 23.094204386416433 26.467125706942184
60.4725662198617 10.902829662866184 23.094531369362677 26.475205187632827
60.48751720524939 10.909109687252638 23.09483986513112 26.4835676528656
60.50237201167285 10.915210829126742 23.09531171239025 26.49184947015585
60.487650175357444 10.908779313640231 23.095167253515886 26.48370360820129
60.47268659626359 10.902823465005175 23.09453292038855 26.47533021086979
60.45788472194952 10.896324486169982 23.09442991377051 26.467130322009012
60.443200956898046 10.889823175985507 23.094316707464248 26.459061073448268
60.4281631808371 10.883850831589724 23.093661689999863 26.45065065924754
60.413425010915276 10.877099608718227 23.093774846657613 26.442550555539427
60.398436327821244 10.871069223080282 23.093155693499728 26.43421141124124
60.38379748226609 10.864053014497443 23.093512168251095 26.426232299517537
60.3691212636258 10.857354591954172 23.093540772926083 26.418225898745533
60.354188793786896 10.851039623837005 23.09317560870356 26.40997356124635
60.339563880449745 10.844026019038877 23.09350119153439 26.402036669876495
60.32464111862051 10.83776523989808 23.09306524334757 26.393810635374848
60.31000845494578 10.830568067152289 23.093558441520496 26.385881946273
60.29539988054153 10.823641386277398 23.09377413256212 26.377984361701976
60.280488698571 10.8169954955379 23.093701831167767 26.369791371865364
60.26599668576203 10.810194577188739 23.09377957175218 26.362022536821016
60.251395303335336 10.802881392233926 23.094365022961153 26.35414888814023
60.236884930746655 10.795776277371578 23.094738223065306 26.34637043030982
60.2219892767054 10.78906952320958 23.094709768445426 26.33820998505041
60.207787018089626 10.781830258023357 23.095209547851525 26.330747212214714
60.19331392449002 10.774425479961744 23.095874793757247 26.323013650771074
60.17856726207493 10.767553529437292 23.096006321409423 26.3150074112282
60.164289090812154 10.760129891497698 23.096689517461165 26.30746968185332
60.149971901169344 10.752993989340748 23.097084080879704 26.299893830948925
60.135607152017506 10.745541988537413 23.097798366410974 26.292266797069097
60.12136277279664 10.738305963993882 23.098298431811706 26.28475837699106
60.10705421716855 10.730844653990118 23.09902862194123 26.277180941237212
60.0928862551751 10.723521558096257 23.099624266513313 26.269740430565534
60.07871247098491 10.71600393838501 23.100421458967553 26.262287073632326
60.06460891321711 10.708628735399676 23.10108183350195 26.25489834431549
60.05056871062947 10.70112403936455 23.101879995013164 26.24756467625173
60.03678997669642 10.69360512968026 23.102701921362787 26.24048292565339
60.02278890599088 10.685913799652315 23.103707517933707 26.233167588404825
60.008730138485376 10.678547277767274 23.104398880935566 26.22578397978256
59.99497407643884 10.670969207942935 23.105314972416622 26.21868989607927
59.98141267236309 10.663372566229095 23.106263839014435 26.211776267119564
59.967489380867804 10.655829547253795 23.10717470213265 26.204485131481366
59.9540047455712 10.648153178374141 23.108235855844203 26.197615711352903
59.94073236886064 10.640371639132978 23.10942115284145 26.190939576886212
59.92705580803515 10.6329200258475 23.110295824899055 26.183839957288626
59.91382451592615 10.625266926755984 23.11139328927599 26.17716429989412
59.90056297119331 10.617604558430502 23.112523332860146 26.170435079902646
59.88714773215894 10.609985392202457 23.113635569577113 26.16352677037937
59.87410250893221 10.602375042889989 23.1147627907597 26.15696467528254
59.861306878211614 10.594524130037113 23.116160693547126 26.150622054627384
59.8480781734337 10.587193211335244 23.117067309015663 26.143817653082753
59.8354557054609 10.579447339467094 23.118419829045568 26.137588536948257
59.82267196026527 10.5719316961089 23.119575984386504 26.131164279769838
59.81016775944734 10.564249667364619 23.120933487019013 26.124984605063716
59.79758350888295 10.556711169905302 23.122184903814134 26.11868743516355
59.785131539585585 10.549129545578973 23.123518486291967 26.112483507714654
59.77290949895306 10.541591755299208 23.124849154263806 26.106468589390072
59.76064513215724 10.53410447338436 23.126173337016187 26.10036732175671
59.748567273302385 10.526623775882989 23.127535740239463 26.09440775717992
59.73662396000719 10.519229955149072 23.128859792183235 26.08853421267488
59.72474048277474 10.511816416847289 23.130253466308226 26.08267059961925
59.713361882655505 10.504286772929698 23.13181566828398 26.077259441441846
59.70179962721538 10.49708691779544 23.13310258084143 26.071610128578524
59.690312710276515 10.489844477231658 23.134490215060605 26.065978017984282
59.678984802150204 10.482707500412896 23.135832706446944 26.06044459529037
59.66794902028327 10.475474830735577 23.13733297911636 26.055141210431305
59.65686864461799 10.468387499813426 23.138753392857176 26.04972775194739
59.646124686949875 10.461356774740148 23.14018583054302 26.044582081666725
59.63555751175203 10.454405355745752 23.14161013668168 26.039542019324593
59.624959342535824 10.447565060626017 23.14299771322622 26.03439656868358
59.614755338450536 10.440681354136052 23.144504786236745 26.029569198077738
59.60453145121439 10.433998817682893 23.14589215307088 26.024640480460622
59.594523446064755 10.427389156496705 23.147290177854025 26.019844111713986
59.584858868566414 10.420798262710814 23.14875574526727 26.01530486058828
59.57518890131709 10.414389825685026 23.150129726046877 26.010669349585164
59.565920331274675 10.408009970073776 23.151568587680863 26.006341773520074
59.55676797138845 10.401764486176841 23.152969567717946 26.00203391749367
59.54783560807151 10.395655755217511 23.154336226717156 25.997843626136863
59.53899515980248 10.389663987519151 23.155690957805312 25.993640214478024
59.5305522061716 10.383763975985044 23.157061512251783 25.989726717934783
59.522205140770275 10.378377127656211 23.158035571319946 25.985792441794192
59.51414796912492 10.372421078069031 23.159689813415273 25.982037077640598
59.5064037511383 10.366953173589838 23.160979682731284 25.97847089481715
59.49881795681323 10.361644565043422 23.16223623388279 25.974937157887005
59.491542102419324 10.356487473633141 23.16347115747809 25.971583471308143
59.48439777710149 10.351518077501373 23.164654110138525 25.968225589461515
59.47760266459385 10.346701877453329 23.165822239183388 25.96507854795716
59.47110341271852 10.342068228882734 23.166953009164647 25.962082174671114
59.46493621055859 10.337613907353916 23.168053627608426 25.959268675596235
59.45900877186524 10.333365961957941 23.169102980884073 25.956539829023214
59.453334635012254 10.329323804585282 23.170106754825927 25.953904075601
59.44799858652794 10.325494214961704 23.17106349806471 25.95144087350153
59.44301286860751 10.321879742700306 23.17197637436696 25.94915675154029
59.43846888904863 10.318475805249403 23.172854382095064 25.947138701704173
59.43428097784025 10.31531058128847 23.173677424420983 25.945292972130822
59.43041479458424 10.312398936256868 23.17443679846022 25.943579059867215
59.42688937439373 10.309749948923779 23.17512963730233 25.942009788167635
59.423705567743085 10.307374291923924 23.17575177962626 25.94057949619292
59.42087075795402 10.305282858029205 23.176299107500878 25.939288792423937
59.41843989192863 10.303480223566197 23.176774093038322 25.938185575324034
59.416415929581724 10.301978919827414 23.177171515140973 25.937265494613367
59.414821888767285 10.300789300720226 23.177488572163487 25.936544015883648
59.4136611320241 10.299924429753109 23.17772001224658 25.936016690024324
59.412955533037355 10.299395900550694 23.177862321101347 25.93569731138528
59.4127128290473 10.299217249481616 23.177910325176303 25.9355852543894
