102.85925298522285 18.0828694533218 37.164038980881166 47.612344551019945
102.99289591163735 18.101457206543 37.128716378312745 47.7627223267815
103.22115858852695 18.14499684953084 37.07266825135512 48.003493487640945
103.45161264325957 18.184847743879356 37.02477946684317 48.24198543253698
103.5947818235165 18.210338995635777 36.99586683132917 48.388575996551474
103.87491867436603 18.2603572178821 36.94044815905191 48.674113297432086
104.33901806777847 18.35463640902544 36.84182887142474 49.142552787328334
104.44427393355055 18.38012987096437 36.816396100467 49.24774796211916
104.55062816311323 18.401919468860562 36.79529459473992 49.353414099512875
104.60934806105448 18.417529763806964 36.780428928008654 49.411389369238826
104.63351342052447 18.42453858972026 36.7745581947097 49.434416636094525
104.65187209684409 18.430645003922393 36.76967519908651 49.451551893835095
104.6683013594558 18.436561695129388 36.76506863204472 49.466671032281674
104.67965718561352 18.441745738439938 36.761359947987906 49.476551499185746
104.6976344049016 18.44886837120682 36.75576178291662 49.493004250778235
104.70997277524835 18.45489744991029 36.75142306827198 49.5036522570659
104.73339791445935 18.46425509215486 36.74379889511652 49.52534392718806
104.75250193195495 18.47265454246401 36.737258275661674 49.542589113829216
104.77910463742722 18.48402027754259 36.72781373278122 49.56727062710345
104.81248144792343 18.49687461172906 36.716923400243196 49.59868343595117
104.84756474561182 18.510806826367638 36.7050168613493 49.631741057894885
104.90087275906559 18.53018529780554 36.68760516568931 49.68308229557071
104.97184691200347 18.55468255349146 36.665006622532154 49.75215773597977
105.05272026157428 18.58254772262815 36.63895080680438 49.83122173214178
105.11309053883267 18.604816991197662 36.61853295641259 49.8897405912224
105.14823664654625 18.620738575843916 36.60456818138621 49.922929889316215
105.17320160897017 18.634251169157057 36.59302367244607 49.94592676736713
105.18152235538983 18.64287231071809 36.586502558940865 49.95214748573083
105.18210478324903 18.649507313265758 36.58197962004703 49.95061784993627
105.1806773445264 18.654788106327086 36.578902419154595 49.94698681904475
105.18423758835404 18.661479601855557 36.57461597170285 49.94814201479565
105.16980741027585 18.663385529945998 36.57487792061855 49.93154395971142
105.16847956671954 18.668160794771786 36.57254737388641 49.92777139806132
105.16112187666752 18.671245403649078 36.57187374966719 49.91800272335139
105.15545041629085 18.673984147396702 36.57159130599683 49.90987496289742
105.15122491440255 18.675999600459942 36.57205439938072 49.90317091456186
105.14761007731697 18.677894347481292 36.57265829877758 49.89705743105809
105.14613524209167 18.675276180281273 36.57750327347539 49.893355788334915
105.15183463016177 18.67610457154189 36.57917718036824 49.89655287825159
105.15925443295639 18.677139834056845 36.58070618696667 49.90140841193285
105.17304150632529 18.67560181696751 36.584742683140796 49.912697006217016
105.19180031496118 18.674946018792298 36.58799280562134 49.928861490547625
105.21423117224133 18.67480086386146 36.590878967500835 49.948551340878986
105.23335941222922 18.6773570072869 36.591259390352484 49.96474301458981
105.25251927022258 18.678968170894706 36.59263389531959 49.980917204008236
105.27173495942165 18.681028225646834 36.593632752341136 49.99707398143368
105.29033417475478 18.683708335814117 36.594072543614935 50.01255329532573
105.30756055731104 18.68611581780639 36.594834341702274 50.026610397802294
105.32520558463291 18.691356667139058 36.59282238031471 50.04102653717915
105.34196810150345 18.696401321753143 36.59104576889335 50.05452101085694
105.35408777061407 18.698582072575576 36.59213521789751 50.063370480141074
105.36782889878096 18.70096117282549 36.59305238956671 50.07381533638872
105.38324142125921 18.703626750727555 36.59370979962026 50.08590487091138
105.40008610617791 18.706612610909296 36.59407396248241 50.09939953278618
105.41755729956529 18.710030720928962 36.5940231421144 50.11350343652192
105.43168670991477 18.711100888872412 36.596318262812815 50.124267558229555
105.4501524296043 18.71434088895886 36.59647214139534 50.13933939925007
105.4678720671955 18.716397067467806 36.59781599571427 50.153659004013335
105.48239655095071 18.716245992591794 36.60136445169041 50.16478610666848
105.49540475873752 18.717278231949148 36.60370709541657 50.174419431371845
105.51364000733457 18.719553915471696 36.60483112539612 50.18925496646673
105.52816255544954 18.718600088736398 36.60916802605515 50.200394440657945
105.5419656512374 18.71872726085207 36.61239976835873 50.21083862202663
105.5584551868898 18.719337395885713 36.61514080665163 50.223976984352376
105.5726838135393 18.717907403476524 36.61988363320682 50.234892776855936
105.59264736443944 18.718981946104524 36.622111141722115 50.25155427661275
105.61694987445412 18.720952048174013 36.623420930032566 50.272576896247415
105.64281369301631 18.72212525461736 36.62545084577126 50.29523759262768
105.6743128225292 18.724277542965584 36.62650278708954 50.323532492474044
105.71551319343564 18.731875710124935 36.622126422562324 50.36151106074841
105.75947285701848 18.73878655107929 36.61849517467507 50.40219113126413
105.80980976746852 18.74533926933048 36.615230042752415 50.44924045538557
105.86525789504581 18.755249759310946 36.608639037781884 50.501369097952924
105.92250048131106 18.763721238398098 36.60351073441576 50.55526850849714
105.98108393015842 18.77249461257097 36.598100175073355 50.61048914251418
106.03021616493616 18.781560429741152 36.59241933880811 50.65623639638695
106.0791665697029 18.788836944059252 36.58853743100956 50.701792194634116
106.15907222710207 18.799951208373685 36.580785949495834 50.778335069232526
106.22464548908346 18.808804320838743 36.57531428370577 50.84052688453895
106.29465105873231 18.819180629010766 36.568317118262364 50.90715331145928
106.3670392082997 18.827104496040047 36.563768345656875 50.97616636660272
106.43816022789956 18.836497871023838 36.55774882925018 51.04391352762562
106.50310017344646 18.843470728685936 36.55414999774727 51.10547944701328
106.56752530338255 18.853772464853353 36.54721589280083 51.16653694572829
106.64983537888413 18.86304883350545 36.5412886189856 51.24549792639307
106.72280841116567 18.87078111560452 36.53690151425532 51.315125781305795
106.79825222877442 18.879248201018548 36.53176828631742 51.38723574143851
106.87318348992147 18.887137159246283 36.52720156468331 51.45884476599186
106.95427898404935 18.896659989055994 36.520984448929134 51.53663454606428
107.03072212636587 18.90332716916525 36.51761023094199 51.60978472625863
107.11198292478237 18.912698252479572 36.51151334411713 51.68777132818572
107.19382291322587 18.920598687506796 36.50686913581251 51.76635508990654
107.2742936145001 18.92772078838254 36.50298487344879 51.843587952668685
107.36384401623452 18.935675295986446 36.49824333201485 51.9299253882332
107.44046318949086 18.94335990491797 36.49375580306603 52.003347481506836
107.52704380651193 18.951428724943124 36.48885647373617 52.086758607832685
107.61685034696536 18.959694882138862 36.48373369812108 52.1734217667054
107.7052212558984 18.965632323788252 36.48091333227788 52.258675599832166
107.79458969147771 18.97310392987869 36.47653151021932 52.34495425137977
107.88252509305498 18.979380977200247 36.47331696477296 52.42982715108171
107.98011050633673 18.986979817907056 36.468744639984116 52.52438604844545
107.94158938787652 18.983105823527605 36.469576366020796 52.48890719832815
107.8623272004533 18.975361569357915 36.47426255250203 52.412703078593324
107.78277175275517 18.967462659297823 36.47907862884411 52.336230464613244
107.68890636904368 18.959382005297126 36.484042663088736 52.245481700657805
107.60595758911677 18.9529391841977 36.487346092229274 52.16567231268985
107.50469949730031 18.943323600292203 36.49378797236622 52.0675879246418
107.42932362484648 18.937664401870617 36.49625987630871 51.99539934666717
107.34578902446282 18.929538048649853 36.50117284157189 51.915078134241014
107.25266602659018 18.920708970752244 36.506760818101554 51.82519623773631
107.16826752864412 18.91282139439001 36.511391163555516 51.744054970698556
107.09457727780931 18.903947565389554 36.51699542038675 51.673634292033086
107.00406271006491 18.896192521692207 36.52145245035615 51.58641773801665
106.92299880983708 18.887717488112465 36.526618817979234 51.50866250374537
106.85687458727519 18.87930635549941 36.5317150810804 51.44585315069541
106.76913799545446 18.871169291003905 36.53651139992677 51.36145730452373
106.69491398156651 18.861964883632204 36.542370729378334 51.29057836855602
106.62368551758905 18.854222019910505 36.54675942225912 51.22270407541946
106.55196789171572 18.8449135177511 36.55270516740106 51.15434920656356
106.4858318884016 18.835786275875112 36.55846612982632 51.09157948270023
106.4132747980797 18.827973959969064 36.56290082539607 51.02240001271453
106.34710438514252 18.81905781831053 36.568439492679566 50.95960707415238
106.27425500801307 18.808784684733762 36.5753280942147 50.89014222906462
106.2140349196072 18.80025881920508 36.58047553253761 50.8333005678645
106.15032327630738 18.79212464524143 36.585229270012825 50.77296936105308
106.0774532120874 18.781885063658105 36.59208326084882 50.70348488758043
106.01409594776563 18.772747306950283 36.597844398529766 50.643504242285495
105.95471175837764 18.763594338293064 36.603628434097786 50.58748898598687
105.8979132150971 18.754776301108212 36.609085917345155 50.53405099664368
105.83742293230033 18.745015042506456 36.615491803716004 50.47691608607779
105.77771011825824 18.735746973941918 36.621413441981296 50.42054970233507
105.71691429354023 18.726083496842552 36.62773982165542 50.36309097504216
105.66200986377264 18.717218489678288 36.63328349322524 50.31150788086918
105.60712008621371 18.708043310143477 36.63915077505733 50.2599260010129
105.55403553827847 18.698785309428825 36.645116463270064 50.21013376557954
105.50163275505403 18.6896559834968 36.650968704892904 50.161008066664365
105.45149305138982 18.680786880048988 36.656577828688 50.114128342652734
105.40309115450918 18.67223895830096 36.661882437713544 50.068969758494845
105.35347153994061 18.664005927018398 36.66688023420155 50.02258537872077
105.31231180224286 18.656165730647235 36.67150885484581 49.984637216749746
105.27148529723571 18.650260519197857 36.674195530025 49.94702924801281
105.23789670781039 18.644399173518163 36.67684494544827 49.91665258884394
105.20784903148008 18.63811141681062 36.67992501449246 49.88981260017702
105.1849574172779 18.635845795239014 36.67895688660418 49.87015473543471
105.17345090851833 18.636899866909147 36.674603486384775 49.86194755522439
105.16542318333921 18.635598610555178 36.672581845351345 49.85724272743267
105.18226179241954 18.641588048564355 36.66309443016421 49.87757931369083
105.20691302978403 18.650152927428966 36.65102564967294 49.9057344526822
105.24147924014358 18.659362287035172 36.63828017621294 49.94383677689544
105.27221554378092 18.66762582998607 36.62654828462969 49.978041429165074
105.31710737869675 18.679532623284082 36.611192496680786 50.026382258731765
105.31654602104946 18.678951580722 36.60849043246804 50.02910400785952
105.32371376594867 18.680060510511176 36.6041065672538 50.03954668818376
105.31472109320691 18.67703815663408 36.60391465007238 50.03376828650047
105.30770285326845 18.67474414540821 36.603023475898766 50.029935231961524
105.30188894996124 18.673123039817128 36.601490675590895 50.02727523455316
105.29099788684202 18.669259945304738 36.602246588273715 50.019491353263675
105.28106322322088 18.665823175694342 36.60261679071722 50.01262325680924
105.27088525627985 18.662159628074026 36.603258978235345 50.0054666499705
105.25836190581653 18.657063826985294 36.605389326890126 49.99590875194122
105.24789003072998 18.652414249492658 36.607123661276525 49.988352119960894
105.2411114931256 18.64953504656109 36.60712817223791 49.98444827432656
105.23114644892424 18.644838780261974 36.60901091614366 49.97729675251859
105.21992823486497 18.639657315742454 36.61144689177078 49.968824027351765
105.21014029392029 18.634645565210295 36.613771630813375 49.961723097896524
105.20160175786968 18.62950732528465 36.61628045843359 49.95581397415151
105.19422092831782 18.62506382134754 36.61815115869876 49.95100594827149
105.18532578576679 18.620373777335047 36.62033673091853 49.944615277513186
105.17443933441511 18.614769247424015 36.62351676046969 49.93615332652143
105.16432977570514 18.609087256557338 36.626838016851394 49.928404502296615
105.15366540015512 18.603140007204093 36.63049542272367 49.92002997022744
105.14331891564136 18.59679394664374 36.634610229563656 49.91191473943395
105.13105069709178 18.590093549353195 36.639130584733685 49.90182656300499
105.11721152611744 18.583440329053754 36.6436824140685 49.89008878299514
105.10028509817707 18.575338614644647 36.64973176612573 49.87521471740678
105.0842096904524 18.568006464703203 36.65508738895332 49.86111583679592
105.05946152448453 18.557553895621993 36.663568441829 49.838339187033455
105.0339211791743 18.547226487799467 36.67197511497546 49.81471957639934
104.99636098837541 18.53359591006133 36.683667086388525 49.779097991925525
104.95235737427092 18.518158936604937 36.69715892828055 49.73703950938545
104.91405591088224 18.50476206209334 36.70864555968212 49.70064828910669
104.85826792171 18.486303751930116 36.725123277617485 49.6468408921624
104.8189449775983 18.473211875129337 36.7363557032023 49.609377399266684
104.76934713648765 18.45771255078942 36.75000733052185 49.561627255176354
104.73109203904542 18.44590482552281 36.760090325052246 49.52509688847027
104.70343446082012 18.437043809342594 36.76735171301406 49.49903893846345
104.67655446435887 18.42910426247457 36.77376405217741 49.47368614970698
104.65840887760922 18.42337526778357 36.778077822655206 49.4569557871705
104.64725988326481 18.419783847561924 36.78037387109936 49.44710216460368
104.63623321779151 18.416137792627246 36.78279717095312 49.43729825421117
104.62792357271539 18.413556539085572 36.7842511606671 49.43011587296273
104.62223485094725 18.411866092183057 36.7849267917486 49.425441967015566
104.61836619842876 18.41052239779356 36.78534567671183 49.4224981239234
104.6169467850678 18.410096223471545 36.78493340967051 49.42191715192571
104.61832190918052 18.41062815464264 36.78366519663689 49.424028557900975
104.6194625828676 18.410927544787533 36.78278798450162 49.42574705357847
104.62415839498067 18.412128232117862 36.781093404097845 49.43093675876498
104.63369190992283 18.414890777729152 36.77793172483168 49.440869407361916
104.63716379086117 18.416237706127003 36.77640799854598 49.44451808618808
104.64563995899752 18.418556797884623 36.77401272459333 49.453070436519624
104.66454181490663 18.423795887371423 36.76876844929027 49.471977478244916
