46.67258552687272 12.6238003354018 17.839191987269572 16.20959320420134
46.6688748098636 12.62354316648094 17.839315748208172 16.2060158951745
46.66804325175899 12.623435221294635 17.839499707367352 16.205108323097
46.66669448536689 12.623299529868547 17.83992816727975 16.203466788218538
46.668586125859136 12.623498996323997 17.84021596483661 16.204871164698513
46.66993706411751 12.62375450241109 17.840642647236827 16.2055399144696
46.67215190517974 12.624084310212757 17.841183091731008 16.20688450323598
46.67519739310853 12.624513280118375 17.841808906725696 16.208875206264526
46.679041466661715 12.62501888934966 17.842539363458815 16.211483213853274
46.68370262072228 12.625621347979674 17.843349816001375 16.214731456741223
46.689134237047774 12.626275252790114 17.844282646646196 16.218576337611456
46.69532207135176 12.626990942116468 17.845323639744255 16.223007489491064
46.70226933231049 12.627773438403791 17.846463606913044 16.22803228699368
46.70995607401014 12.628613881774513 17.847707628682603 16.23363456355303
46.71836483466526 12.629505212883059 17.8490588795845 16.23980074219769
46.727461708867665 12.630430925495359 17.850530181370356 16.24650060200194
46.737257777616584 12.631403003752112 17.852105157464198 16.25374961640025
46.74773285235935 12.63240858517056 17.85379272412437 16.261531543064425
46.75886988868203 12.633440621022228 17.855595899224838 16.26983336843494
46.77060046641317 12.634485535983021 17.857524935049444 16.27858999538069
46.78301562067449 12.635531408430742 17.859586162137237 16.28789805010651
46.79602958134861 12.636623166832523 17.861731685328607 16.29767472918751
46.8095898692153 12.637674639758684 17.864043612006704 16.307871617449905
46.823716253548966 12.638718081357469 17.866485502558763 16.318512669632756
46.838453481428985 12.63976848461054 17.869037429150243 16.329647567668204
46.85373136261271 12.640893625122372 17.871628216916562 16.341209520573766
46.869480296608906 12.641847909941186 17.874499929152105 16.353132457515617
46.88577620309695 12.642740335872848 17.877538505795975 16.365497361428123
46.902266669219706 12.643717440453901 17.880595469746662 16.37795375901915
46.91944349252766 12.644655393076617 17.883788475136303 16.390999624314773
46.937037172519304 12.645409428846838 17.887258914236323 16.40436882943615
46.955169184336526 12.64616870881401 17.890812880833224 16.41818759468929
46.9732572125902 12.646981586526161 17.894401575233974 16.43187405083004
46.99043557029046 12.64742255887235 17.898454820291676 16.444558191126422
47.01133581847325 12.648135607712847 17.90229299784871 16.460907212911724
47.03056792272158 12.648711781418426 17.90635253475432 16.475503606548855
47.05096976034526 12.649154241734566 17.91061106217237 16.49120445643834
47.070441438563634 12.649593597688805 17.914948707008328 16.505899133866436
47.092170251399224 12.649905889898449 17.919461589541505 16.522802771959256
47.113951932470016 12.65007767543208 17.92417281257207 16.539701444465887
47.13850729773978 12.649965072656462 17.92917969528827 16.559362529795017
47.15846553207758 12.650101142087879 17.934043512684006 16.574320877305706
47.18371915155724 12.649746605755462 17.939377581209758 16.594594964592048
47.20674730341498 12.649220295240065 17.94494689730599 16.612580110868894
47.23133303866562 12.648164460136254 17.95101603961112 16.63215253891822
47.25686299895865 12.645924632287793 17.95814603773535 16.652792328935522
47.281383526641434 12.644077236616658 17.96502272700091 16.672283563023854
47.306957574997 12.641357772163287 17.97267796749566 16.692921835338076
47.33162847307727 12.639745142448945 17.979409562801585 16.712473767826754
47.35703520496534 12.637228606703959 17.986974897006935 16.732831701254423
47.381963618494325 12.635377086728942 17.99398458084809 16.75260195091727
47.40750938653763 12.633273898149671 18.00123003858932 16.773005449798557
47.43342493657554 12.630679951085938 18.008941831050244 16.793803154439356
47.4590206507643 12.6286303953711 18.016188424777052 16.81420183061614
47.48465731186896 12.62612845723012 18.023893940080864 16.83463491455794
47.51156325331041 12.623049910968733 18.03207409857166 16.856439243770048
47.53642483520354 12.620668496342248 18.039710641730608 16.876045697130706
47.561118769973476 12.61818291959918 18.047459979526963 16.895475870847342
47.588567087876406 12.615244518192373 18.05564534476486 16.917677224919192
47.615074719546286 12.61240190780421 18.063734506495376 16.938938305246744
47.64163677360779 12.609408624040752 18.071970189481863 16.960257960085166
47.66999873306369 12.605882613670683 18.080667533368345 16.983448586024647
47.694330782301186 12.60301006610785 18.088786689699987 17.002534026493375
47.7216860073838 12.599451051406529 18.097568970872572 17.02466598510467
47.74917703055214 12.595816896583742 18.106412291778675 17.046947842189734
47.77649048085334 12.592108692597842 18.11531740468987 17.06906438356564
47.8038276762683 12.588267064559805 18.124342074974976 17.09121853673355
47.83123146233574 12.584290183250362 18.133486869389248 17.113454409696086
47.858727580273595 12.58017473328906 18.14275375791178 17.135799089072744
47.88632334186401 12.575920346192639 18.152141815600483 17.15826118007086
47.91402066036358 12.57152700698194 18.161649811219874 17.18084384216175
47.9437923123665 12.566753964819165 18.17147924606701 17.20555910148034
47.96900551512696 12.562421490862066 18.180898653323563 17.225685370941356
47.996526152775864 12.557592920787826 18.19078489526002 17.248148336728004
48.02521940822559 12.552688792848535 18.200716566064408 17.271814049312642
48.053048980357374 12.547554704639422 18.210858066856304 17.294636208861654
48.081592438361824 12.542435214459175 18.220955962513198 17.31820126138948
48.10941969749167 12.537107819507357 18.23123953773936 17.341072340244967
48.13831574216403 12.531648224123762 18.241622665071887 17.365044852968374
48.16772318240641 12.525940161279893 18.252222297409542 17.389560723716954
48.195312327939426 12.520290845199602 18.26274332272447 17.41227816001535
48.22490911934159 12.51428924238082 18.27357769991033 17.437042177050497
48.253085907148915 12.508261268272955 18.284414198497597 17.460410440378418
48.28274135988059 12.50195560173973 18.29548977516055 17.48529598298024
48.31194931941413 12.495704050541185 18.306480759003257 17.509764509869644
48.3417031171278 12.489172887124408 18.3177154789269 17.5348147510765
48.370104060766096 12.482636046159758 18.328928326458634 17.558539688147714
48.400605043330685 12.475725985432582 18.340470008488843 17.584409049409206
48.43067476072853 12.468561680162868 18.352231668071276 17.609881412494367
48.460349167536855 12.461701956305955 18.36365429612064 17.634992915110264
48.490450312786514 12.454389228915543 18.375491394318015 17.66056968955292
48.520313119176635 12.447231905535428 18.387136706536943 17.685944507104256
48.55218909358703 12.43943954344875 18.399368556552872 17.713380993585353
48.58529201194269 12.430936248505164 18.412262908133055 17.742092855304406
48.61319399208031 12.42377739021371 18.423797806673544 17.765618795193085
48.64581317344967 12.415469527306835 18.436422847094967 17.79392079904783
48.6818713965935 12.405523509516923 18.450622448507023 17.825725438569542
48.70940458760063 12.398565824423232 18.461830236117027 17.84900852706033
48.742670653038275 12.389884612089155 18.474701162270957 17.878084878678173
48.77494865106725 12.381492960659225 18.48724200411416 17.906213686293857
48.81187985487799 12.371565335065233 18.50125072161489 17.93906379819785
48.790220793052875 12.377097224772026 18.491602035401755 17.921521532879087
48.762093312353485 12.383765312614877 18.480784761652163 17.897543238086453
48.73081189636125 12.391157816532072 18.469203906170062 17.870450173659137
48.698250992883786 12.399010685316998 18.457121492293 17.842118815273786
48.667006389621385 12.40661226083567 18.44525406473355 17.815140064052162
48.633174309130695 12.414968703115774 18.43257970264288 17.785625903372047
48.60139310986258 12.423124856366195 18.420068288848846 17.758199964647556
48.569632783067505 12.43107754380484 18.40771611778098 17.730839121481704
48.53881385349173 12.43889842189222 18.395456454702053 17.704458976897474
48.507475542561544 12.446726658483241 18.383144365129823 17.677604518948467
48.47388770833281 12.455338451746988 18.369993184347635 17.6485560722382
48.44635371204 12.46208437958171 18.358695684117865 17.625573648340467
48.41593609145405 12.469443720698171 18.346735301757473 17.59975706899841
48.385594589559204 12.476678356266056 18.334860191666568 17.574056041626584
48.35535617906261 12.48380359811401 18.323056447756827 17.548496133191765
48.325177992971874 12.490820821471893 18.311323560906487 17.52303361059353
48.29666374498075 12.497167204615446 18.300234212605183 17.49926232776015
48.265843908573785 12.504259985348247 18.288352416351163 17.473231506874374
48.23815859536154 12.51007730919597 18.277726639578113 17.45035464658748
48.20722322767172 12.51687482650816 18.266073301044344 17.424275100119207
48.17930240181286 12.52254947600484 18.25552370960265 17.401229216205387
48.150989720764436 12.528298632975654 18.244868397529032 17.37782269025975
48.12250489131912 12.533934489268972 18.23429601822938 17.354274383820744
48.09387983931576 12.53947617637423 18.223788274610612 17.330615388330962
48.06517372037268 12.544907557236492 18.213362518874526 17.306903644261688
48.03640877566439 12.550225389610913 18.203023240817057 17.2831601452364
48.00852326918866 12.555142529304938 18.193062755427462 17.26031798445626
47.98093301868918 12.559961010841077 18.18317793537024 17.237794072477847
47.953328890325395 12.56463845112806 18.17341123250768 17.21527920668968
47.924420751772644 12.569419459676366 18.16351356066628 17.191487731429973
47.8977821253027 12.573660477599514 18.1541441352275 17.169977512475707
47.86980831902832 12.5780059691528 18.14464581593416 17.14715653394132
47.841796705702166 12.582216415711445 18.13526425584882 17.1243160341419
47.814933807205975 12.586117115157816 18.126180150754166 17.10263654129397
47.78797818706766 12.589910038907668 18.11718846173691 17.080879686423117
47.75964516009519 12.593754006505709 18.108126800011828 17.05776435357762
47.732610284103274 12.597281835825765 18.099373787010492 17.035954661267
47.70679241549677 12.60055181385556 18.090872591883585 17.015368009757623
47.67964070717939 12.603838772485002 18.08234077685829 16.993461157836055
47.65251433317258 12.606991480567196 18.073936206010004 16.971586646595355
47.62672697779612 12.60988751126596 18.065787729063494 16.95105173746671
47.59957382821837 12.612767030394707 18.05764744967777 16.92915934814594
47.573856201403316 12.615405046738795 18.049752185807158 16.9086989688573
47.54818821400895 12.617915674851055 18.0419850876824 16.888287451475517
47.52113214546194 12.620382354271477 18.03425957110148 16.86649022008897
47.49559506116636 12.622622001145082 18.0267710680316 16.846201991989663
47.47014933386772 12.624732253217228 18.01941928645337 16.825997794197143
47.444805181566885 12.626713950690757 18.01220575751396 16.80588547336219
47.41957296868979 12.628564719858637 18.005135281318616 16.78587296751256
47.394461401254404 12.630284024202195 17.998210907634796 16.76596646941742
47.369476294461116 12.631872225520814 17.991434870875356 16.74616919806494
47.3460499888042 12.633353601632555 17.984790681921957 16.727905705249693
47.32142699914888 12.634646938358228 17.978352268858394 16.70842779193226
47.29697090771192 12.635856945767465 17.97202290144946 16.689091060495006
47.27411495466881 12.636992805923516 17.965801652291756 16.671320496453497
47.25009436851049 12.637905066692602 17.959830138083625 16.652359163734253
47.226283776519196 12.63874651582246 17.953964302418594 16.63357295827813
47.20413283286734 12.639543236209184 17.948186750621804 16.616402846036376
47.180884931212816 12.64009819210822 17.942686590055423 16.598100149049134
47.157855089644094 12.64059302657522 17.93729112791875 16.579970935150094
47.13655243456236 12.641063316479745 17.93197400051818 16.563515117564396
47.1142499295117 12.641297102937557 17.926939385974837 16.546013440599314
47.093596570873004 12.641582518389088 17.921914242053134 16.530099810430777
47.072006544724104 12.641614949712507 17.917194988380032 16.51319660663156
47.05070765821349 12.641606342550816 17.912579024728846 16.49652229093379
47.031192265980216 12.64161478839496 17.90801870205887 16.481558775526373
47.01088352017513 12.641393288756852 17.903752575829508 16.465737655588725
46.990910286488194 12.64113641202924 17.899595387065272 16.450178487393703
46.97143257516352 12.640805574773422 17.895589881390116 16.435037119000015
46.953718386502956 12.640511845470668 17.891636402442685 16.42157013858958
46.93539853464525 12.640024389654933 17.887956692366995 16.40741745262333
46.91748277732134 12.639513216423 17.884390306840857 16.393579254057503
46.89893509741245 12.638871317357543 17.881040614292086 16.379023165762813
46.88248276075331 12.638268607444784 17.87775818640488 16.36645596690365
46.86637670126895 12.637618666887416 17.874624942110795 16.35413309227083
46.84972630177991 12.636834263935517 17.871724243664747 16.34116779417962
46.835128526157575 12.63615537171752 17.868838357877358 16.33013479656267
46.819780004884976 12.635315226368116 17.866219084441344 16.31824569407549
46.80642241600032 12.634611239359481 17.863593193701544 16.30821798293931
46.79235586720084 12.633753320335002 17.86123466166236 16.297367885203535
46.779450686837805 12.632912305150077 17.858989712849652 16.287548668838035
46.76677528301343 12.632016379511679 17.856927149021214 16.277831754480545
46.756014067819386 12.631404877285604 17.854728780431696 16.269880410102097
46.74468143195906 12.630550586070488 17.85290347535106 16.26122737053747
46.73299762393285 12.629367197563344 17.851528579113165 16.252101847256363
46.7252287866967 12.628939957546168 17.849588073243872 16.24670075590668
46.71587483478698 12.62823097560177 17.848066418181464 16.23957744100378
46.70768487318867 12.62755013187026 17.846673777279076 16.23346096403935
46.70037329227232 12.626927355585533 17.845384916855096 16.228061019831717
46.6938463629507 12.626353429120599 17.84421275860931 16.22328017522072
46.688117762744575 12.625836838539053 17.84315291091332 16.21912801329223
46.682293654588555 12.625366033533755 17.84220006753597 16.214727553518852
46.67792515504062 12.624737453734047 17.841590155422775 16.211597545883826
46.676262184895194 12.624517669131244 17.8407826342007 16.210961881563193
46.67222079201133 12.624161770402118 17.84025705804411 16.20780196356509
46.6713665659253 12.624050107521132 17.839706821480867 16.20760963692333
46.66987111696766 12.62387799879383 17.839378675616924 16.206614442556948
46.67118690451569 12.623895279007163 17.839090441332146 16.208201184176378
46.67132590589133 12.623821612607726 17.839059783662172 16.20844450962144
46.67319014181439 12.62389314211681 17.839089206192376 16.21020779350519
