33.929681010359836 11.72331615083144 10.206364859528405 12.0
33.9244122119026 11.714292559395544 10.210126092242694 11.99999356026435
33.918663244262284 11.70260139425859 10.216072359878577 11.999989490125106
33.91210267841416 11.687326049346536 10.224756615229815 12.000020013837807
33.90462989625054 11.678764547121569 10.225874942530021 11.999990406598961
33.34547357617487 7.887869953395373 13.401654440779094 12.055949182000408
33.33517675323484 7.892980123872454 13.387412755664101 12.054783873698291
33.32491071462209 7.897777169659494 13.373485294942695 12.053648250019908
33.31468779340943 7.902275111841298 13.359876289383969 12.052536392184155
33.3046203892579 7.907091875427464 13.346095284825983 12.05143322900445
33.29447563923036 7.9107462891023435 13.333345250313696 12.050384099814325
33.284453252236126 7.914720897649613 13.3204252820646 12.049307072521918
33.274433699392716 7.9185044469077726 13.307616655759645 12.04831259672531
33.26446418630942 7.921618889820221 13.295554571900313 12.047290724588876
33.254526586677216 7.924830058971665 13.28338131745584 12.04631521024972
33.24462673666797 7.92760371585042 13.271653657451292 12.045369363366252
33.23476881926686 7.930074387988914 13.260244261592424 12.044450169685502
33.22496527755945 7.931863384195271 13.249565794925951 12.043536098438219
33.21520976876632 7.933897424284895 13.238654282032817 12.04265806244861
33.20550417846173 7.9357303870119855 13.227956333657065 12.041817457792686
33.195858066694846 7.93693955681397 13.217929269707245 12.040989240173635
33.186277817522964 7.937253184106075 13.208855677580356 12.040168955836526
33.17675767061335 7.938076865975792 13.199303099755221 12.03937770488233
33.167300907258735 7.938722518436525 13.189963259832847 12.038615128989374
33.15791050074553 7.939096211115349 13.180936269824267 12.0378780198059
33.14858893979269 7.9391940468002264 13.172230526575332 12.03716436641714
33.139338395496324 7.939024293340137 13.163841106846677 12.036472995309513
33.130166093220915 7.937469440220992 13.156919681898854 12.035776971101075
33.12105997890961 7.937827089267493 13.148096123120222 12.03513676652189
33.112036537740664 7.935916229770502 13.14163473599937 12.034485571970796
33.10308941833133 7.934491634468211 13.134741681682145 12.033856102180971
33.094219611406125 7.933063419292493 13.127905925885154 12.03325026622849
33.0854286724798 7.931469756628408 13.121292453600459 12.032666462250935
33.07671793340358 7.92965975907105 13.114955235522245 12.032102938810286
33.06808746922646 7.927683485599257 13.10883867866546 12.031565304961743
33.059540599570575 7.925364418806721 13.103139986043056 12.031036194720798
33.05107796514351 7.92251104960788 13.098048817922002 12.030518097613632
33.04269641361154 7.920133338448487 13.092537369586976 12.030025705576083
33.034399396847014 7.917315169780918 13.087534718754744 12.029549508311346
33.02618701327447 7.914255098168615 13.082843416237425 12.029088498868422
33.01805958089381 7.911000025525341 13.078417192072656 12.028642363295827
33.01001740170033 7.907569352749874 13.07423710920861 12.02821093974183
33.00206074280419 7.903973798088571 13.070292844066282 12.027794100649341
32.994189707739295 7.900175786827751 13.066621813668633 12.027392107242912
32.98640471275421 7.896304707758161 13.063096022098879 12.02700398289716
32.97870582804885 7.8922621151543 13.059813751482382 12.026629961412178
32.97109313527248 7.888075703376925 13.056747362692292 12.026270069203258
32.96356671195793 7.883751880304298 13.053890726714677 12.025924104938959
32.95612660100702 7.879295687329824 13.051239036631275 12.025591877045915
32.94877281310686 7.874711568363119 13.048788048641763 12.025273196101978
32.94150532892294 7.870003665692942 13.04653378900184 12.024967874228158
32.93431971084446 7.865182134979993 13.04444349512104 12.024694080743418
32.92722529951485 7.860042094843788 13.042779087186387 12.024404117484671
32.92021665781209 7.855019909653508 13.041063612390431 12.024133135768155
32.91328968233103 7.8498578290754 13.039538572193772 12.023893281061861
32.90645317089857 7.844484454717319 13.038327588007512 12.02364112817374
32.899694593240156 7.838999806373128 13.037257897780318 12.02343688908669
32.893030829317404 7.833381672108204 13.036454551638366 12.023194605570833
32.886450581387095 7.828016405269053 13.035449614284268 12.022984561833768
32.879955349624915 7.822475662595148 13.034690882014363 12.022788805015415
32.873537683910676 7.816415131165768 13.03448794794428 12.022634604800635
32.86721224564509 7.810574259254429 13.03419677312276 12.022441213267888
32.860968394905555 7.8046693485746435 13.034007896757656 12.022291149573267
32.85481477836128 7.798794824680087 13.033895295558453 12.022124658122753
32.84874107768634 7.792921956100313 13.033829952290533 12.021989169295487
32.84274813181119 7.786615863259163 13.034256244051514 12.021876024500502
32.836845171540325 7.780543070212664 13.034557240384851 12.021744860942816
32.83102134267644 7.774343774503419 13.035035145229633 12.021642422943387
32.825277503989845 7.767686338375849 13.03602994835333 12.021561217260667
32.81961840376849 7.761165359788283 13.036985300141495 12.021467743838716
32.81404682825234 7.755076191984272 13.037581464107069 12.021389172160998
32.8085516392041 7.748674541052766 13.038559712298605 12.021317385852727
32.80314170127265 7.742351237610141 13.039528140290356 12.021262323372161
32.79781062288347 7.735800612173251 13.04079265618367 12.021217354526538
32.792558818350145 7.728887644126923 13.042480480698215 12.02119069352501
32.78738923304737 7.7222019704860605 13.044025193594786 12.021162068966518
32.78229961782854 7.715476851906549 13.045678000162672 12.02114476575931
32.777289679475764 7.708691152564201 13.047461087962574 12.021137438948978
32.772359092950765 7.7018473271383705 13.049372312421553 12.021139453390846
32.767507524029725 7.694951121682161 13.051405909319556 12.021150493028008
32.76273463285504 7.688007850791386 13.053556435170142 12.021170346893513
32.758040076163255 7.681021883664123 13.055819344509922 12.021198847989208
32.753423507792874 7.673996806015615 13.058190851393382 12.021235850383876
32.74888758163893 7.667597982843769 13.06000789725135 12.02128170154381
32.744426052704625 7.660554890413043 13.062541302059758 12.021329860231834
32.74004160832799 7.6534420588352585 13.065206156861375 12.021393392631365
32.73573291574747 7.6460899843601675 13.068179468455073 12.021463462932232
32.731500684841464 7.638766127565604 13.071191681523139 12.021542875752722
32.727344421055705 7.631461109780707 13.074254260207223 12.021629051067801
32.72326676289489 7.625013454870286 13.07652710742269 12.021726200601922
32.719260412219036 7.617472809809796 13.079968384343552 12.02181921806568
32.71532941035676 7.610006671576974 13.083392740400665 12.021929998379122
32.71147299447781 7.602583227424459 13.086843449358618 12.022046317694723
32.70769221947563 7.595678946068868 13.08984511541286 12.0221681579939
32.70398342894381 7.588153987905259 13.093531779678239 12.022297661360325
32.70034973134871 7.581210537909389 13.096704056822505 12.022435136616807
32.69678819426363 7.573938251146492 13.100268959077695 12.022580984039458
32.69329836194604 7.566329925838938 13.104239264863851 12.022729171243247
32.68988266054368 7.55936804188576 13.107626369011784 12.022888249646131
32.68653705346421 7.551720780190456 13.111765641989829 12.023050631283933
32.68326332720896 7.544172665187361 13.115868818166799 12.023221843854815
32.68652994687539 7.547572076996714 13.116004763025751 12.022953106852917
32.68987325787906 7.551360700284081 13.115697202584863 12.022815355010113
32.69329052498869 7.5560492139824085 13.11453483714433 12.022706473861943
32.69678000233368 7.561778120778233 13.112413479743486 12.022588401811957
32.70033882481886 7.569089015730785 13.108783284543586 12.022466524544493
32.703973102532466 7.575782064604402 13.105871254021121 12.022319783906948
32.70767847379842 7.583263008372595 13.1022163508067 12.022199114619129
32.711457818799786 7.59072934991965 13.09865167741365 12.022076791466493
32.71531295623018 7.59761717369709 13.095738563459433 12.021957219073656
32.71924026231801 7.605235865995592 13.092144954531975 12.02185944179044
32.7232443934559 7.612228492546012 13.089261240024527 12.02175466088536
32.72732122876088 7.619967902066903 13.085679496797606 12.021673829896363
32.731475953880484 7.626996767367386 13.082898151285457 12.021581035227644
32.735706151154815 7.634085791877169 13.080112049341304 12.021508309936353
32.74001057631532 7.641805033026672 13.076760710546727 12.021444832741915
32.744391997537996 7.649452501754863 13.0735557095404 12.021383786242737
32.74885228165577 7.656460091415853 13.071066875336278 12.02132531490364
32.753389553325256 7.6634904024134105 13.068614707573511 12.021284443338345
32.75800435167757 7.670552022002961 13.06620196867515 12.021250360999453
32.76269707507266 7.677631701328922 13.06384137933875 12.021223994404979
32.76746811885373 7.684716909997573 13.061545534566612 12.021205674289545
32.77231609610372 7.6922883153376125 13.05883154323057 12.021196237535548
32.7772469698617 7.69894879950188 13.057116977645563 12.021181192714263
32.78225502608027 7.705931547453732 13.05512140213852 12.021202076488015
32.787343194463475 7.712932060741639 13.053193947490406 12.02121718623142
32.79251157698351 7.719903403211543 13.051366337930304 12.02124183584167
32.79776054333031 7.726837326017457 13.049647546063973 12.021275671248866
32.80309045545198 7.733727871874644 13.048043778172609 12.021318805404722
32.808501672424235 7.740570476176487 13.046559820607547 12.021371375640193
32.813994549597 7.747361316514028 13.045199699715486 12.021433533367482
32.8195694385667 7.75409702818261 13.043966973766148 12.021505436617929
32.825226686823015 7.760774553402205 13.042864886402732 12.021587247018067
32.830964795960185 7.7676582915017685 13.041631690018091 12.021674814440322
32.83678832653995 7.7742525650195775 13.040762788678023 12.021772972842347
32.84269497396395 7.780694419013706 13.040112232171452 12.021888322778803
32.84868339783681 7.787241563664005 13.039433859817617 12.022007974355187
32.85475814228367 7.793612682469305 13.039005947832566 12.022139511981804
32.86091692266022 7.799816813176872 13.038812196901164 12.022287912582188
32.86715825486233 7.806072364928297 13.03864687808027 12.022439011853772
32.87348691490553 7.812207964576923 13.038672856627379 12.022606093701226
32.87989843975078 7.818254427760206 13.03886236663339 12.02278164535719
32.88639594689604 7.824292020166507 13.039137500409913 12.02296642631962
32.89297930013354 7.830216631077885 13.039597478669833 12.023165190385814
32.89964866289797 7.836017996527687 13.040253533240733 12.023377133129554
32.90640421052297 7.841697561541841 13.0411046176704 12.023602031310737
32.913246116616165 7.847258888133978 13.042147399975919 12.023839828506262
32.920172368779 7.852703416064412 13.04338969623196 12.024079256482624
32.927188004803874 7.858164862269212 13.044676822681529 12.024346319853136
32.93428664489756 7.863219600075392 13.046459722257095 12.024607322565073
32.9414763814941 7.868580432898127 13.047990309528867 12.024905639067104
32.948748968548074 7.8733110564912065 13.050240038945264 12.025197873111606
32.9561094857734 7.8782053016042815 13.052395022307534 12.025509161861585
32.963557136582175 7.882949415359254 13.054769971545781 12.025837749677136
32.971091762679784 7.887523416932271 13.057386132531322 12.026182213216186
32.97871323906399 7.891933144428496 13.06023810085829 12.02654199377721
32.98642142287203 7.896184070124794 13.063320427595247 12.026916925152
32.99421613478189 7.9002778415805395 13.066631252950268 12.027307040251086
33.00209639113073 7.904195310175719 13.070191954135716 12.027709126819289
33.01005846576665 7.907684472395058 13.074265842894945 12.028108150476644
33.01811213386625 7.911673938816518 13.07788008596255 12.028558109087188
33.02624540840471 7.914694784385801 13.082555262801215 12.028995361217694
33.034464632089374 7.917950800011582 13.087053158465098 12.029460673612691
33.04276826929425 7.920983287774874 13.09183918653391 12.029945794985471
33.05115559608325 7.923791773785139 13.096914800585553 12.03044902171255
33.05962590217575 7.926388796868148 13.102267155301405 12.030969950006202
33.068178070397835 7.928799297755644 13.107870668685678 12.031508103956497
33.07680948283774 7.930859486383821 13.113891491610314 12.032058504843604
33.08552415687596 7.932937554776883 13.119948407111652 12.032638194987424
33.09431791675061 7.934654009747673 13.126430450620745 12.033233456382197
33.10318983325194 7.936149138150897 13.133194283289699 12.033846411811332
33.112138703575525 7.937419384202159 13.140241227788945 12.034478091584422
33.12116318907264 7.9384542784173355 13.147579808543199 12.03512910211209
33.13025464281956 7.93863233537948 13.155840894966621 12.035781412473444
33.13942709078987 7.9397756366571315 13.163167938609446 12.036483515523283
33.148662374526424 7.939345641906455 13.172132997829573 12.037183734790393
33.15797495616925 7.940020372901971 13.180026584225462 12.037927999041807
33.16734610554079 7.938959894413694 13.189715354509442 12.038670856617632
33.1767910074002 7.939186433046043 13.19814722833014 12.039457346024026
33.18628964079044 7.9374917172771156 13.208554183437741 12.040243740075585
33.19585094356952 7.936421529012491 13.218369400807681 12.04106001374935
33.20547025718667 7.934983836293293 13.228584904845324 12.041901516048057
33.21514494819556 7.933255929608804 13.23912304986762 12.042765968719133
33.22487225347068 7.931244927521754 13.249974142333388 12.043653183615525
33.23464928301859 7.928952630738253 13.261133366156196 12.044563286124141
33.24447301546709 7.92638014766357 13.272596417491698 12.045496450311823
33.25434562530472 7.924337129783561 13.283546330745395 12.046462164775763
33.26425104886238 7.920399962991848 13.296413969558017 12.047437116312516
33.27419512066594 7.917024374226379 13.30873465087252 12.04843609556705
33.284172644688155 7.9133591373144 13.321351581119623 12.049461926254116
33.29417987722849 7.90942889362568 13.334238863507094 12.050512120095725
33.304213042298095 7.905243289854413 13.347383641690241 12.051586110753446
33.314268272110134 7.900810992171934 13.360773566388755 12.052683713549435
33.324341609072206 7.896141380600649 13.374395422792873 12.053804805678684
33.334429003955215 7.891244919310077 13.38823484314457 12.054949241500568
33.344526329407564 7.886133073676575 13.40227642949924 12.056116826231749
33.354629386783365 7.880818062745635 13.416504021398536 12.057307302639199
33.36473392105042 7.8753124904158724 13.430901090018294 12.058520340616251
33.37483563518165 7.869628917528341 13.4454511900682 12.059755527585098
33.384930210106525 7.863779495077935 13.460138354336106 12.061012360692482
33.39500873403678 7.857563095294776 13.475177131534439 12.062268507207579
