123.40602213447058 11.729161846270193 21.86656456325374 89.81029572494664
123.36773670362287 11.730401692845536 21.86476806405776 89.77256694671958
123.32273508052921 11.731270941114174 21.863486766800378 89.72797737261462
123.25768097356057 11.73158063437746 21.8628346084513 89.66326573073178
123.06152358826722 11.73179720339871 21.862107063299348 89.46761932156922
122.76748921359552 11.732392846116557 21.86078719318664 89.1743091742924
122.47736189489417 11.733218662036203 21.859192497010067 88.88495073584792
122.03171667106544 11.7343763025744 21.856888409260954 88.44045195923005
121.65849357490643 11.735824599857708 21.854414431031053 88.06825454401769
121.36241181390328 11.737435368182531 21.85196404967873 87.77301239604195
120.9885453153036 11.739014137271123 21.849321170769304 87.40021000726325
120.5453974239092 11.742291181605644 21.844674593737672 86.95843164856585
120.23285857063 11.744335561376273 21.841645995114956 86.6468770141387
119.97700468995491 11.74617715761874 21.83905057019608 86.39177696214018
119.76416119012224 11.747889371138504 21.836755213876934 86.17951660510671
119.62347437743757 11.749179820635574 21.83515129580541 86.03914326099658
119.4977285981898 11.750193194303687 21.833892448241542 85.91364295564459
119.40296135782633 11.752236050012387 21.83175198605252 85.81897332176139
119.31930298615092 11.754202139640636 21.829728793624287 85.73537205288608
119.24218305189862 11.75564978796868 21.82833030161205 85.6582029623179
119.18539656910035 11.757668281368506 21.82633741278662 85.60139087494522
119.17099863528698 11.76026607269978 21.823526629453184 85.5872059331338
119.11339158960816 11.760323556234573 21.823592806856738 85.52947522651687
119.07416185645913 11.764728040698012 21.819141781559907 85.49029203420129
119.00138429124918 11.766693268887751 21.816920312146806 85.41777071021458
118.88882845973255 11.769278803723543 21.814279738995552 85.30526991701346
118.75463885385759 11.77126080418442 21.812317578981595 85.1710604706915
118.61064287302142 11.772672005837649 21.810955833590747 85.02701503359306
118.4592292654169 11.774819580173098 21.808750436739373 84.8756592485044
118.29923206278045 11.776532504008173 21.806964277113014 84.71573528165932
118.14391892789858 11.779181442298684 21.804390977345165 84.56034650825457
117.94832543765052 11.780674562138985 21.80289952895628 84.36475134655515
117.73549246105695 11.783490323661145 21.800151015999862 84.15185112139595
117.51324776988156 11.785050866526433 21.79877727448238 83.92941962887274
