147.7212101665622 10.753587618983374 63.907885303451025 73.0597372441276
147.7206979030635 10.753720302403243 63.90766664041254 73.0593109602476
147.7189608667235 10.754444317539063 63.90677030808657 73.05774624109786
147.7161352380787 10.75570666845086 63.905224824236484 73.05520374539145
147.71207799172322 10.757468483121913 63.903073312913016 73.05153619568831
147.70703514684914 10.759736475385568 63.90031063109687 73.0469880403667
147.70116869411652 10.762470935299705 63.89697987184933 73.04171788696749
147.69463901953458 10.765700953771322 63.89305311934146 73.03588494642196
147.6866541414492 10.769407076119382 63.88855910201261 73.0286879633169
147.6781859134695 10.773592790798423 63.88349100146196 73.02110212120914
147.66869506799952 10.77822881599065 63.87788560445231 73.01258064755653
147.65854800145496 10.783313647323485 63.871745215639166 73.0034891384924
147.64767544640742 10.788855966710111 63.86506462959858 72.99375485009882
147.63613034687774 10.794837706918988 63.85786529211061 72.983427347848
147.6240331766156 10.801301490928811 63.850105394823245 72.97262629086337
147.6111646606565 10.808155902727684 63.841883287135694 72.96112547079325
147.59798876655935 10.815437085082928 63.83316198618425 72.94938969529211
147.58406834752012 10.823139825961967 63.82395263676221 72.9369758847958
147.5698961925275 10.831262423258028 63.81425668329214 72.92437708597728
147.55535948647528 10.839810142888663 63.80407259436815 72.91147674921841
147.5399939170825 10.848760077814747 63.79342950099699 72.89780433827077
147.52477399637272 10.858094865622826 63.782341614510585 72.88433751623964
147.5087541541397 10.867854435184057 63.77077746206778 72.870122256888
147.49275880686767 10.878014566183746 63.75875903762842 72.85598520305555
147.47642102249714 10.888528372953363 63.746339121418096 72.8415535281258
147.45985104711303 10.899406373219163 63.733509066898016 72.82693560699593
147.4430768132829 10.91069456239398 63.72022476292627 72.8121574879627
147.42617316125666 10.922327829683523 63.706554417390144 72.79729091418284
147.40900834983 10.934394510682056 63.69241204670709 72.78220179244092
147.39191990992373 10.946749856529701 63.67794481499099 72.76722523840334
147.37463457829992 10.959490237418636 63.663059447139666 72.75208489374164
147.3572754195207 10.97257855265556 63.64779507067632 72.73690179618885
147.33999706452295 10.986059666644813 63.63210805464185 72.72182934323645
147.32261401049104 10.999828987308176 63.61610774762646 72.70667727555639
147.3052486377761 11.013935887943342 63.59974595808768 72.69156679174516
147.28800509474644 11.028426163799077 63.5829781573596 72.67660077358771
147.27058757118462 11.043191422749276 63.56591835597911 72.66147779245632
147.25366407119682 11.058323298608778 63.548471361568055 72.64686941101981
147.2365708734247 11.073789047721455 63.53067777657258 72.63210404913062
147.21943758595796 11.08953033492498 63.512597625010926 72.61730962602199
147.20280422022105 11.105674043702777 63.49410153418939 72.60302864232891
147.1860330743354 11.122047225877521 63.47537018673687 72.5886156617209
147.1693902284197 11.138714200237642 63.45633967105673 72.57433635712529
147.15309250984498 11.155715515127977 63.43696941680831 72.56040757790865
147.13685834981547 11.173033420233718 63.41728187691322 72.54654305266857
147.12091930540936 11.190616339035497 63.39732899723263 72.53297396914145
147.10511094634424 11.208519316023745 63.37705915359899 72.51953247672154
147.08973440139624 11.226693550673037 63.35652063229503 72.50652021842825
147.07431765716504 11.245196317730779 63.33566261023644 72.49345872919795
147.05927868565752 11.263935629419606 63.31457531513285 72.48076774110511
147.0447511822576 11.28302696539065 63.29314408655329 72.46858013031371
147.03006235502409 11.302280984964035 63.27156616170133 72.45621520835846
147.0159020987802 11.321882763254363 63.249652625940996 72.44436670958474
147.00207211867627 11.34171355612522 63.227525500907596 72.43283306164348
146.98824936936816 11.36184268650523 63.205121040614365 72.42128564224875
146.9749270165548 11.382228101142756 63.18247814736951 72.41022076804254
146.96193109054514 11.402877195038997 63.15959284329829 72.3994610522077
146.94926897644137 11.423783537755238 63.13647347690825 72.38901196177791
146.93691297663912 11.444930219229187 63.11313890381164 72.37884385359833
146.92475644754805 11.466325888505043 63.08958376292955 72.36884679611364
146.9130728205817 11.487972248334652 63.065804796264764 72.35929577598222
146.9017976929984 11.50994007015678 63.04173489476911 72.35012272807234
146.89056920976878 11.532045958143387 63.01756051971716 72.3409627319081
146.8798729613365 11.554420538226411 62.993150060795685 72.33230236231437
146.86952567099283 11.577030161387222 62.968539018456035 72.32395649114946
146.85940647851447 11.59991656816 62.943690789069805 72.31579912128466
146.84978903050884 11.62299714288616 62.91868449895131 72.30810738867171
146.84048615350554 11.646341067812898 62.893455716203164 72.30068936948946
146.83147727376863 11.669865131945395 62.86808834869863 72.29352379312468
146.82275364242852 11.693620997720465 62.84253359641394 72.28659904829418
146.81454028998627 11.717616490401483 62.81678198324204 72.28014181634289
146.80671440047806 11.741873584653678 62.790815586113744 72.27402522971062
146.79915297478448 11.76630878090294 62.7647191766531 72.26812501722864
146.79179937842292 11.790907067385382 62.7385097527705 72.26238255826706
146.78500733783991 11.815775116383112 62.71208011700134 72.25715210445561
146.7785071244742 11.840846738258286 62.68549873004128 72.25216165617472
146.7723405650637 11.866115651201069 62.65877366370811 72.24745125015438
146.7666666420047 11.891636089559132 62.63185115413815 72.24317939830749
146.7611880450752 11.917283811645277 62.60485755612187 72.23904667730801
146.75613866353737 11.943190276251741 62.577663537720184 72.23528484956519
146.75138239247127 11.969267569269553 62.55035751171026 72.2317573114913
146.74702369451165 11.995553593729479 62.522902344486646 72.22856775629548
146.7430882541091 12.022049218171825 62.49529801397113 72.22574102196607
146.73939447890794 12.04870743444839 62.46759451430639 72.22309253015307
146.73616749500022 12.07559334001104 62.43972614610958 72.22084800887968
146.7331543912591 12.102631633409578 62.41177187887916 72.21875087897011
146.730703210431 12.129921784818084 62.38363026138251 72.21715116423043
146.7283156983725 12.157306961381822 62.35546272946534 72.21554600752516
146.72647199109437 12.184936078849201 62.32711772390472 72.21441818834053
146.7248586927396 12.212717717860293 62.29869159993315 72.21344937494625
146.72367491363818 12.240702377061938 62.27013190912522 72.21284062745111
146.72287743986865 12.268881069406183 62.241449136043435 72.21254723441908
146.72232906789802 12.297203118252781 62.21269718585282 72.2124287637924
146.72232207695757 12.325959006031475 62.18358818401856 72.21277488690752
146.7225103648678 12.354471261701871 62.15478966548745 72.21324943767839
146.7227604504962 12.38326120271284 62.125796201110816 72.21370304667258
146.72363375377532 12.412305982023085 62.09662251706016 72.21470525469205
146.72501016445844 12.441576326491383 62.0672971678734 72.21613667009368
146.72631925697613 12.471032388903058 62.03787304200411 72.21741382606892
146.72817294661147 12.500443125790493 62.0085664580434 72.21916336277755
146.73029024159308 12.530137920853512 61.97906075703108 72.22109156370853
146.72859872779318 12.500461666552782 62.0085395817674 72.21959747947302
146.72693100931534 12.471122342751675 62.0377654967909 72.2180431697728
146.72584106109906 12.441847074925061 62.067007445998804 72.21698654017528
146.72485026186018 12.412535431867674 62.0963667369527 72.21594809303976
146.72437391628057 12.383621857393056 62.125406525587785 72.21534553329977
146.72384472980573 12.354886618020693 62.15434252209813 72.21461558968687
146.72382725129236 12.326236769383407 62.18327151665446 72.21431896525446
146.72413875207624 12.29776124499556 62.212100705296216 72.21427680178469
146.72468477911363 12.269419540084376 62.240871833440494 72.21439340558864
146.72567157871885 12.241332223718333 62.26946392948493 72.21487542551557
146.726948607081 12.213322118241216 62.29804753448436 72.21557895435522
146.72864997844582 12.18554512679558 62.32647211726286 72.21663273438746
146.7305764431308 12.157932268518122 62.35480099920869 72.2178431754041
146.73285210933048 12.130500968503673 62.3830168594387 72.21933428138796
146.73558203427632 12.103280836845265 62.41109044306059 72.22121075437059
146.73847820596308 12.076202492751882 62.439086631454245 72.22318908175667
146.7418558091895 12.049364469836576 62.46690776131463 72.22558357803828
146.74542751497316 12.022630256015146 62.494690034971676 72.22810722398637
146.74967023090412 11.995932819984517 62.522499562348834 72.23123784857053
146.7538645695601 11.96986916953222 62.549733389715946 72.23426201031182
146.75846841002428 11.943746978019119 62.57708631300121 72.2376351190038
146.76372252949997 11.917849662803182 62.60427462697518 72.24159823972174
146.76921460354038 11.89220941743826 62.63126426126062 72.24574092484136
146.77504511925298 11.866368767640877 62.65851075462891 72.25016559698314
146.78106430656743 11.841443193339485 62.684890719593 72.25473039363501
146.7874821579215 11.816335082105262 62.711510478406105 72.25963659741043
146.79431698255195 11.791441873369521 62.737967801919616 72.26490730726286
146.80157764171273 11.766805094969362 62.764218911474494 72.27055363526891
146.809184663919 11.742381156153886 62.7903061167596 72.2764973910055
146.81703270622597 11.71816173975293 62.81623503032192 72.28263593615114
146.82542999688812 11.69415874537379 62.84199659713889 72.28927465437535
146.8340735897078 11.670382891778726 62.867573886195636 72.2961168117337
146.8430535581779 11.646816454710816 62.89298494007366 72.30325216339354
146.85238447239968 11.623482841984064 62.918204649131376 72.31069698128415
146.86208321577197 11.600385742253689 62.943227723327006 72.31846975019118
146.87206328903875 11.577509023464513 62.968068321182734 72.32648594439145
146.88245807957688 11.55488479224411 62.992693855643594 72.33487943168906
146.89311310516757 11.53245470203109 63.0171600793485 72.34349832378783
146.90420767721827 11.510327191901043 63.041357602367455 72.35252288294959
146.9156441201206 11.488423295380656 63.06536386755506 72.36185695718481
146.9272937278206 11.46674644224887 63.08917206670066 72.37137521887107
146.939276472476 11.445282158598348 63.11279672215672 72.38119759172093
146.95188269104852 11.424188516479564 63.136079254752474 72.39161491981663
146.9645156632046 11.403262253842644 63.15921782656108 72.40203558280116
146.9776581285662 11.382607410728646 63.182109847738936 72.4129408700984
146.99082746783034 11.36220366005213 63.20476957478286 72.42385423299534
147.00442983007883 11.342068199400565 63.22718199972709 72.43517963095086
147.01838667516412 11.322221773641596 63.24932375510805 72.44684114641434
147.03258788790595 11.302635006057194 63.27122150593096 72.45873137591771
147.0470686320922 11.283266374671841 63.29291546110831 72.4708867963121
147.0618722320634 11.264252415531665 63.31426717649954 72.48335264003232
147.07701693725434 11.245504468129406 63.33536399777841 72.49614847134642
147.09230779646572 11.227019711156945 63.356205102185896 72.50908298312291
147.10764636352934 11.208832171047188 63.3767539587223 72.52206023375996
147.1235558018753 11.190922297665326 63.39703194720199 72.53560155700838
147.1395958884853 11.173311883415307 63.41701238313772 72.54927162193209
147.15571792214385 11.156022178160507 63.43667145916741 72.56302428481582
147.1720601226577 11.138989260321129 63.456072162491964 72.57699869984467
147.18871706364115 11.122304513210416 63.475121925313466 72.5912906251171
147.2052976927206 11.105903653373966 63.49388009323932 72.60551394610705
147.22219803444017 11.089788180097626 63.51234591618449 72.62006393815813
147.23909636234163 11.073985058586995 63.5304879935472 72.63462331020773
147.25628582921894 11.05855370172388 63.54824737653938 72.64948475095586
147.27351556624197 11.043435324712956 63.56567832283559 72.66440191869347
147.29087976645206 11.028651593726522 63.58275886538513 72.67946930734041
147.30818091273733 11.014159798355998 63.59952652171218 72.69449459266893
147.32552444200823 11.000043287037883 63.615897896549626 72.70958325842051
147.34291028402865 10.986258594716409 63.63191356308848 72.72473812622373
147.36031872712783 10.972772712966204 63.647603922082375 72.73994209207908
147.37753788939776 10.959672552950243 63.66287928799886 72.75498604844864
147.3949052624288 10.946939129437899 63.67775824658708 72.77020788640378
147.41220978106767 10.934551521736962 63.692257936919496 72.78540032241125
147.42935633539295 10.922524823245965 63.706360341851564 72.80047117029544
147.44598744340868 10.910895752763153 63.72002460604546 72.8150670846002
147.46301383267243 10.899567779205148 63.733349176470355 72.83009687699703
147.48031083142538 10.888177072729528 63.746708769296795 72.84542498939908
147.49600901974802 10.878154734762433 63.75862117910714 72.85923310587845
147.51206241397648 10.868023959857165 63.77060895777546 72.87342949634393
147.52807984917362 10.858270009620057 63.78216984122278 72.88763999833087
147.5434798459932 10.848903097049282 63.793287489847074 72.90128925909693
147.55841177500906 10.839977226678648 63.80390724152022 72.91452730681023
147.57331236799197 10.831429447538268 63.81409103883822 72.92779188161546
147.58745590675565 10.823297490803226 63.823794727363016 72.94036368858946
147.60139558153324 10.815571525025009 63.83302861307572 72.95279544343259
147.61488574461137 10.808258737590073 63.84178149193959 72.96484551508186
147.6277074838815 10.801398428878729 63.850010675561904 72.97629837944088
147.6395202206265 10.79499038813691 63.85771166238954 72.98681817009991
147.65131113201082 10.788948484664996 63.864971965271785 72.99739068207393
147.66204951999916 10.783424681446494 63.871633670352274 73.0069911682004
147.67240184631478 10.778340965309365 63.877774314716476 73.01628656628895
147.68174257460856 10.773676355228316 63.88340796202916 73.02465825735096
147.6903750198804 10.769503842642624 63.88846190459895 73.03240927263876
147.69825292141078 10.765795268603263 63.892960539602974 73.03949711320442
147.7049315134336 10.762549073999779 63.89689986131128 73.04548257812246
147.71090077735184 10.759815385407826 63.90023055402963 73.05085483791446
147.71605577099962 10.757524184952764 63.903017574422094 73.05551401162477
147.7198559466845 10.755753522449938 63.90517836205544 73.0589240621793
147.7228571691359 10.754478322897082 63.90673751533549 73.06164133090336
147.72458795313236 10.753704387267405 63.907683564732935 73.06320000113215
147.7253311267788 10.753443214542854 63.90800374043403 73.06388417180193
