51.022156902934825 7.956220673123421 25.230747263015317 17.835188966796085
51.02019495785159 7.955533250866808 25.231578777313317 17.83308292967149
51.0185883394999 7.955024633278593 25.23240203920837 17.831161667012957
51.01723458297975 7.9546938885748615 25.233212877416104 17.829327816988815
51.01582199116586 7.9545326735332855 25.234013523938987 17.827275793693623
51.014964724685775 7.954527062716136 25.23481740721806 17.825620254751584
51.01436074457056 7.9546668949811306 25.23562930087542 17.82406454871404
51.01399363531497 7.954941407664302 25.236456223353013 17.822596004297676
51.01383601877103 7.955335664118321 25.23730933301914 17.82119102163356
51.01386532752936 7.955835270737738 25.238199303080663 17.819830753710963
51.01401171343913 7.9564083491880515 25.239152496460978 17.8184508677901
51.014286250500334 7.957049260003797 25.240172036078476 17.81706495441803
51.0144732537474 7.957664780472632 25.24134027689974 17.815468196375047
51.01448759793577 7.95820250792726 25.242703318489454 17.81358177151907
51.01382462294096 7.958411685398492 25.244486095207133 17.81092684233537
51.0125340729697 7.958322557301661 25.246656362439303 17.807555153228783
51.00493972961014 7.955605529096145 25.25112729528042 17.798206905233613
51.00348816039252 7.955893290678464 25.252835836318354 17.794759033395724
51.004426357350624 7.95703751470766 25.253998679585816 17.79339016305713
51.00600089435748 7.958345210120709 25.255169154071417 17.79248653016529
51.00752883513386 7.959359973955187 25.25680848508982 17.79136037608885
51.00937922282442 7.96051235274076 25.258419478724306 17.790447391359326
51.01122078320846 7.961507161450973 25.260317341205702 17.789396280551763
51.01306812019733 7.962395259511844 25.262438800966702 17.78823405971881
51.01517475798388 7.963372123835681 25.264570637863834 17.78723199628432
51.017292242455866 7.964271522276036 25.26688667914193 17.786134041037904
51.01951253014455 7.965155616618815 25.269317338965227 17.78503957456053
51.022019289525765 7.9661080862965665 25.271771752443083 17.78413945078613
51.02464140390471 7.967077989049425 25.27430105569313 17.78326235916216
51.02737702471052 7.968043920248045 25.276925151736325 17.78240795272616
51.03018561716277 7.968994831405025 25.279652875189257 17.781537910568495
51.03318125798212 7.969965874802535 25.28244518341427 17.780770199765346
51.03628750416831 7.970933747795555 25.285323895620373 17.78002986075234
51.03969875580525 7.971976591699666 25.288206275692204 17.779515888413368
51.04310357489936 7.9729749663586444 25.291213092758827 17.7789155157819
51.04671980915255 7.97402090686797 25.294248016384884 17.778450885899733
51.050569616259864 7.975086791067501 25.297336838254374 17.778145986938025
51.054504276393125 7.976149478176248 25.300501151398024 17.777853646818848
51.0585232235842 7.977265283830247 25.303683855869508 17.777574083884453
51.06259887877636 7.978339758964474 25.306976558180025 17.777282561631907
51.06689649133375 7.979425810974375 25.31032441560403 17.777146264755324
51.07150489986414 7.980520170253012 25.313727829499374 17.777256900111745
51.07612533367333 7.981645259782436 25.317164576313438 17.777315497577494
51.08082313466066 7.982747426688962 25.320686455383406 17.777389252588286
51.08557418675231 7.983865672340624 25.32425254165576 17.777455972755924
51.09043285885304 7.985075267226917 25.32778645865306 17.777571132973097
51.09561106738805 7.986109758228732 25.331551777218966 17.777949531940376
51.100789591459524 7.987248217703369 25.335269073181998 17.77827230057419
51.10618122647601 7.988405120051658 25.33902202152256 17.778754084901774
51.11150413876854 7.989536435524062 25.34285376321317 17.77911394003132
51.11696110271204 7.990619672358911 25.34678534184757 17.77955608850563
51.12266084418778 7.991753868215646 25.35071613421353 17.780190841758646
51.128409492124234 7.992907401698602 25.354676159921095 17.780825930504548
51.1342044768204 7.994017286740833 25.358727941930233 17.7814592481493
51.14020211488061 7.995144028278989 25.36280931111078 17.782248775490896
51.14635095125444 7.996275546149609 25.366931330169837 17.783144074934995
51.15252065087286 7.997388263919216 25.371116376507675 17.784016010445946
51.158817553875856 7.998506170481105 25.375339435120615 17.78497194827412
51.165170789082985 7.99961165303856 25.37961702249206 17.78594211355235
51.17169352951631 8.000722174078545 25.38393059965116 17.787040755786613
51.17812403485725 8.001823217146212 25.38829389462434 17.788006923086748
51.18493991013927 8.002926775885866 25.392693778771275 17.78931935548208
51.19149021003777 8.003992732329214 25.39716945503161 17.790328022676906
51.19844934355966 8.005184689906201 25.401556228023527 17.791708425629924
51.205321888695146 8.005717499037694 25.406639157140404 17.79296523251708
51.21254605932047 8.007327859489575 25.410679146465114 17.794539053365803
51.21951813688545 8.008291753341625 25.415400898457808 17.795825485086013
51.22670384411702 8.009422888953218 25.419989284481574 17.79729167068223
51.23416709088112 8.010425512685902 25.424739090981294 17.799002487213954
51.241602297641066 8.011542028725575 25.429407499098375 17.800652769817123
51.2490892793937 8.01260839961944 25.434157664820294 17.80232321495398
51.25653140913503 8.013590552348816 25.439022956428936 17.803917900357202
51.26436881512369 8.01473453360294 25.443756580544523 17.80587770097623
51.271959875864816 8.015159024513716 25.44923974379753 17.80756110755355
51.279837530172856 8.016607516196327 25.453727013314623 17.809503000661902
51.28787206916824 8.017732136919333 25.458566527321164 17.811573404927735
51.29572409727843 8.018669177253217 25.46362141720474 17.81343350282048
51.30380163651619 8.019625023768295 25.46868453885682 17.8154920738911
51.31188622751669 8.02019547566905 25.47415988370176 17.817530868145894
51.32027299569852 8.021837218958623 25.47858886250013 17.819846914239726
51.328752537917296 8.02272766619439 25.483794670559874 17.822230201163038
51.33706825652332 8.023836348225323 25.488807475396655 17.824424432901317
51.34537717642574 8.024770037400248 25.494019228885975 17.82658791013957
51.353856939822705 8.025558859346372 25.499400023605265 17.828898056871093
51.362662653542905 8.026764877414696 25.504385786025072 17.831511990103145
51.371238989289594 8.027711826352762 25.50965439257794 17.833872770358933
51.37984602173904 8.028390372848783 25.515213605890985 17.836242042999267
51.38902641712501 8.029672540089505 25.520189616935458 17.839164260100063
51.39779857166959 8.030550543223294 25.525592522722928 17.84165550572334
51.40693690815161 8.031866255125436 25.530577674301146 17.844492978724997
51.415863388293246 8.0325986916896 25.53616744355796 17.847097253045693
51.42515815816166 8.033830156443488 25.541277204191836 17.850050797526293
51.43466316880098 8.03471341816065 25.546754685402348 17.853195065238054
51.44376146792189 8.035533789337979 25.55231542071555 17.855912257868383
51.45320948061489 8.03670668041389 25.55754143343082 17.858961366770163
51.462903849750795 8.037826901534272 25.56283822034852 17.862238727867954
51.47240489801811 8.038789812081067 25.56831096733861 17.865304118598445
51.482378459503614 8.039938913600347 25.573614119748555 17.86882542615469
51.492062908816536 8.041041354611549 25.578981914817348 17.872039639387598
51.50159100001455 8.041862937680921 25.58464807585843 17.875079986475196
51.51162240951744 8.0431286906011 25.589885422737403 17.878608296178964
51.50255120476805 8.043077762557763 25.583430994055117 17.876042448155186
51.49347074880341 8.042048508242413 25.577971988238186 17.873450252322808
51.48433148215952 8.041060236494825 25.572489049311088 17.870782196353574
51.47517099623913 8.040832529775344 25.566263732080344 17.86807473438343
51.46600578633161 8.03932135296948 25.561339389571888 17.86534504379022
51.45666861666227 8.038670569414787 25.55557193906988 17.86242610817759
51.44741661500333 8.037655035134891 25.550188206124794 17.85957337374367
51.43835776019163 8.037045089367531 25.544418535228832 17.85689413559525
51.429255800407546 8.036062804875398 25.539039472977308 17.854153522554846
51.420017164463786 8.035268287692338 25.533492400326 17.851256476445435
51.4111751537159 8.034510366542616 25.527929663223432 17.8487351239498
51.40222034035344 8.03330361157036 25.52283550347506 17.846081225307984
51.393439425622546 8.032392962900941 25.51746629323256 17.843580169489044
51.384479571253436 8.03136700965693 25.51223358432056 17.840878977275946
51.37586708118637 8.03084902500577 25.506515221953784 17.83850283422684
51.36691573628156 8.029254323824825 25.501894615210944 17.835766797245785
51.358398725437496 8.028414322653633 25.496542752651433 17.833441650132478
51.34987054393035 8.027406235276507 25.491382535976765 17.831081772677095
51.34124214180615 8.026328372484517 25.486314901051422 17.8285988682702
51.33286940269931 8.025372518118083 25.48115009581278 17.826346788768426
51.32434233822214 8.02422133048518 25.476204625970674 17.82391638176627
51.31609479009058 8.02312327945563 25.47123157013048 17.821739940504504
51.30782183575418 8.02215021032967 25.466159468565476 17.819512156859055
51.29967375514314 8.02094779948418 25.4613430778944 17.817382877764565
51.29180112411572 8.020041972167652 25.456257447679327 17.815501704268772
51.28364831354417 8.018866369500635 25.451468554675756 17.813313389367796
51.27580988467473 8.017762523444961 25.44663628758889 17.811411073640876
51.26815770337453 8.01672501174767 25.441766696118655 17.809665995508166
51.260239566867185 8.015608490634849 25.43700523520768 17.80762584102464
51.25273664694952 8.014463594542821 25.432302678811627 17.805970373595034
51.24526786617789 8.013460380246885 25.42748928155395 17.80431820437708
51.23774569157841 8.012438110212123 25.42272636525825 17.802581216108035
51.23041962972076 8.01131821962356 25.418093438331315 17.801007971765888
51.22318866429778 8.010182359473195 25.413509672972474 17.799496631852126
51.215995362250126 8.00903265522667 25.40897354026091 17.797989166762555
51.20867521605474 8.007871932022367 25.404483001760283 17.796320282272074
51.20178057377157 8.006947629776848 25.399791737309314 17.795041206685404
51.194945718047904 8.005836466114067 25.395323462916004 17.79378578901781
51.188059190360704 8.00471817787578 25.390899672830056 17.79244133965485
51.18147358845078 8.003625756161563 25.386488300648153 17.791359531641042
51.174890233477186 8.0025215291221 25.382127512481436 17.790241191873676
51.16833831958518 8.001403560639025 25.377820620549944 17.789114138396204
51.16196462963872 8.000304221695181 25.37353607908417 17.78812432885939
51.15568593906261 7.9991953718629745 25.369303101137984 17.787187466061667
51.149515641930364 7.998092653179224 25.36510709434208 17.786315894409036
51.14354683559504 7.99699270298942 25.360952541460993 17.7856015911446
51.13762150171988 7.995893480465049 25.35684255439788 17.784885466856956
51.13168822726156 7.994777848705899 25.352795193602624 17.78411518495308
51.1260318743003 7.993675370613444 25.348782722877637 17.78357378080921
51.12040849322993 7.992588604988245 25.34480302551412 17.78301686272754
51.11491793874149 7.991507122738077 25.340868478898244 17.782542337105184
51.10947055139327 7.990396128413042 25.33701444795604 17.782059975024126
51.10416906688597 7.9893011982332895 25.33319710548348 17.78167076316918
51.0990103377834 7.988208126322719 25.329431872898855 17.781370338561796
51.09396934528707 7.9871529790122775 25.32568440505124 17.781131961223554
51.08907221242525 7.986075249060252 25.322016459842402 17.780980503522574
51.084263048721816 7.984979120747616 25.318425206755663 17.7808587212186
51.079643511577196 7.983903823328216 25.314872933884047 17.78086675436493
51.07508959956637 7.982810609619475 25.311400403293923 17.780878586653017
51.07068024584962 7.9816885819606345 25.30802016017081 17.780971503718174
51.06641450754816 7.980718602927279 25.304552416298392 17.781143488322474
51.06229655695073 7.9795983930805745 25.301301836732925 17.7813963271372
51.05827299907924 7.978589055140484 25.298008572099487 17.781675371839256
51.05446852906264 7.97761037704139 25.294755749717442 17.782102402303774
51.05069678961392 7.976473630640653 25.29173241797801 17.78249074099524
51.0470329798481 7.975586434234008 25.288532124663185 17.782914420950945
51.04357006005146 7.97457765257871 25.285531178741195 17.783461228731568
51.04028889458913 7.973573418540002 25.282603944848866 17.78411153120026
51.037127609362656 7.972567728281117 25.279758532668218 17.784801348413325
51.034035701002686 7.971630818384947 25.27692621128401 17.785478671333742
51.03115956591853 7.970648645769902 25.27422415546347 17.786286764685165
51.02839637601623 7.9696877757198745 25.2715877805088 17.7871208197876
51.02579859448163 7.968748964817464 25.269018678195152 17.788030951469008
51.02335277574433 7.967846304593637 25.266504875660328 17.789001595490298
51.021021145641484 7.966986145663571 25.26404154064282 17.78999345933508
51.01894724696747 7.966112251546337 25.261690498163386 17.791144497257786
51.01688973852127 7.9652662005558525 25.259409085852297 17.792214452113136
51.01512843108211 7.964434790532441 25.25721625679955 17.793477383750112
51.013488126307095 7.963629487401655 25.255101563736098 17.79475707516936
51.01199314758368 7.962826574974104 25.25309209299681 17.79607447961275
51.01065838945456 7.962103253394986 25.251112415323306 17.79744272073627
51.00954207882113 7.961374367248908 25.249252601183528 17.798915110388677
51.00859546398711 7.9606740705157115 25.24747995016279 17.8004414433086
51.00784902829224 7.960023315444433 25.24577652469473 17.802049188153088
51.00731234528363 7.9594125215113705 25.244156404049313 17.803743419722917
51.006920271551195 7.958807910098755 25.24265486014889 17.80545750130356
51.00658252759956 7.958267981824802 25.24121528756911 17.80709925820564
51.006642672438346 7.957778904711729 25.239858507712754 17.809005260013855
51.00691038482899 7.957319455400918 25.238606896285756 17.810984033142365
51.0070430851688 7.956903976719452 25.237447610781867 17.812691497667466
51.00785214812178 7.9565765504972745 25.236343730031628 17.814931867592886
51.008603167174634 7.956255635914016 25.235377384965304 17.81697014629532
51.0096629206298 7.95601952362632 25.234474905700676 17.819168491302783
51.01087535896614 7.955835239117323 25.23367191598864 17.821368203860207
51.01225449084264 7.95572117948289 25.232953763011814 17.82357954834796
51.013801909931026 7.955675730917752 25.23232557188308 17.825800607130216
51.015774382910735 7.9557018456897355 25.231788669481908 17.828283867739096
51.01791043897384 7.955799164196598 25.231346401334285 17.830764873442945
51.020244629940095 7.955972837638901 25.230997101557456 17.833274690743707
51.02295983689414 7.956230208548317 25.23073789588633 17.835991732459505
