49.158132826402934 10.335866969778152 12.934320649013626 25.887945207611132
49.16011133219014 10.335975629355385 12.934318870681052 25.889816832153702
49.161729981534435 10.336460014751811 12.93416589925361 25.89110406752903
49.162933591657726 10.33725733853756 12.93391307022264 25.891763182897538
49.1644814082999 10.338448016493434 12.93347830199113 25.892555089815346
49.166311889493365 10.339922495678051 12.932966315154996 25.893423078660312
49.16915663261586 10.341688966608304 12.932364024376195 25.895103641631355
49.17261663957469 10.343709231802627 12.931704265050971 25.897203142721075
49.17652985319656 10.346029011176705 12.930932845440193 25.899567996579652
49.18100065190977 10.348594339026876 12.930098953053783 25.902307359829113
49.18609804147835 10.350512318928217 12.929672883990504 25.905912838559704
49.19239533685704 10.351240905334736 12.930136881480083 25.91101755004218
49.19926060241421 10.351492826708034 12.930932436579837 25.91683533912631
49.20676361078993 10.352218835105301 12.931658161016264 25.922886614668403
49.214125472829096 10.354146835565516 12.931618305503855 25.92836033175967
49.22195158802361 10.356147578369695 12.931610022020218 25.934193987633687
49.23023982189354 10.358194179250646 12.93165038843336 25.940395254209534
49.238965485413566 10.360292690124119 12.931730164353446 25.946942630936004
49.248137665178334 10.362402245808887 12.931879603751337 25.953855815618137
49.257766601775174 10.364528924409445 12.932093351832872 25.96114432553283
49.267755628382474 10.36660085608354 12.93241283527846 25.968741937020496
49.27827342667156 10.368704793770679 12.932782367779378 25.976786265121515
49.289138464220926 10.370743661668548 12.933270100484693 25.985124702067708
49.30027350102679 10.372735003286698 12.93384849770831 25.993690000031794
49.3119022694773 10.374652635738403 12.934548221717321 26.002701412021512
49.32383757344302 10.376496382572011 12.935358278940656 26.01198291193034
49.33611525561881 10.378268494741285 12.936273218899583 26.021573541977954
49.348701265508254 10.379923178655414 12.937331349044083 26.031446737808736
49.36158115118218 10.38146273336959 12.938524382538086 26.041594035274503
49.37496791110427 10.382852411164532 12.93989041576339 26.05222508417635
49.38852332991957 10.384119930211483 12.94138839994371 26.063014999764356
49.40241353157416 10.385245754647087 12.9430367469755 26.074131029951584
49.416567723809614 10.386219911954042 12.944839324542217 26.085508487313376
49.43093281316069 10.387007438514647 12.946824540668311 26.097100833977684
49.44550611030893 10.387655848598238 12.94894219066659 26.108908071044116
49.460447952053904 10.388080653975848 12.951273403800016 26.121093894277983
49.47545255082544 10.38834241120362 12.953750507072591 26.13335963254923
49.49059759166992 10.388422032923803 12.956388612883162 26.145786945862923
49.50624873884334 10.38824221454308 12.959265661194522 26.158740863105727
49.52176222866963 10.387908734291694 12.962267450614153 26.171586043763757
49.53767620178733 10.387324773352118 12.965489528741283 26.184861899693892
49.55353832539874 10.386517983154988 12.968898634236275 26.19812170800748
49.56967653799257 10.385454505346717 12.972525925412159 26.21169610723368
49.58588705783983 10.384177556943865 12.976324960977148 26.22538453991879
49.60231115464612 10.38266488486443 12.980315942810734 26.239330326970933
49.618745971404806 10.380917193989896 12.984494023762588 26.253334753652275
49.63527854249318 10.378912057984738 12.988878989578835 26.2674874949296
49.6519789029363 10.376626921644869 12.993490631930468 26.281861349360945
49.668753423326635 10.374085475382438 12.998302802047055 26.296365145897123
49.6855193223302 10.37133207741285 13.003268983425233 26.310918261492116
49.7023950716512 10.368270358011822 13.008482254847546 26.325642458791833
49.719317822793315 10.3649578512154 13.013884699304821 26.340475272273046
49.73635288128425 10.36139731709421 13.01947075098599 26.355484813204086
49.75328997008684 10.357668039562144 13.025159909975521 26.370462020549134
49.770320116675045 10.35352616813086 13.031193024476993 26.385600924067226
49.78741882371078 10.349116707108559 13.037423501752096 26.400878614850132
49.80434484362006 10.344562216131921 13.043730136137052 26.416052491351138
49.82150672190003 10.339658617194646 13.050312471428885 26.431535633276503
49.838477467112156 10.33454986129165 13.05702711321109 26.44690049260945
49.85549571279147 10.329142352853841 13.063966345701981 26.46238701423567
49.87250103168183 10.323517374346205 13.071049444033543 26.477934213302127
49.88940562924999 10.317671791314643 13.078277110284787 26.49345672765059
49.906262346973996 10.311588270722943 13.085666887371351 26.509007188879668
49.92308996559058 10.305175934539733 13.093307426590341 26.524606604460516
49.939751887081364 10.298642684696404 13.100993184045635 26.540116018339315
49.95649994163157 10.291828622671021 13.108883342627536 26.555787976332997
49.973126574400325 10.284828867551505 13.116882202525266 26.57141550432357
49.989524107680204 10.277528248383415 13.125102148764245 26.58689371053256
50.00611560422571 10.270012184151849 13.133462490160118 26.60264092991372
50.02240062998285 10.26236356000222 13.141878201631089 26.61815886834954
50.038530644103126 10.254455611971848 13.150475359494614 26.633599672636663
50.054697032037865 10.246339639883201 13.159204984567735 26.64915240758689
50.07076420856183 10.237966153574042 13.168115466717532 26.66468258827023
50.08668857404672 10.229489093772571 13.177055087758932 26.68014439251524
50.102417391659365 10.220879936324534 13.186052243367538 26.695485211967316
50.11813038672922 10.212010314654012 13.19523519315099 26.7108848789242
50.13373011689615 10.202985685022771 13.204499957553878 26.72624447431949
50.14904827230746 10.193750611037503 13.213901186794084 26.741396474475884
50.16445523280018 10.184483839192447 13.223264796510843 26.756706597096866
50.17953401173872 10.174894425695276 13.232877222267764 26.771762363775707
50.19443585322384 10.165347930067712 13.24237748279998 26.786710440356167
50.209496505685074 10.155514323126509 13.252097741545256 26.8018844410133
50.224214295756774 10.145521496496485 13.261906876721241 26.816785922539058
50.23863230231344 10.13541956524428 13.271757639835776 26.83145509723337
50.25291701430839 10.125124721713 13.281734824225651 26.846057468369725
50.26758452213851 10.114892476384162 13.291588182755957 26.861103862998394
50.28155876351752 10.104417360599967 13.301617498659754 26.87552390425783
50.29564921776267 10.09387231241085 13.311655437504735 26.89012146784711
50.30950092430258 10.083168860108794 13.321789521786895 26.904542542406883
50.32308079804763 10.072380599993597 13.331947884472699 26.918752313581315
50.33676708709793 10.061517522112583 13.342123025785 26.933126539200362
50.350410864923596 10.050663033340667 13.352232880852377 26.94751495073057
50.36363447946707 10.039580022536615 13.362512687143393 26.961541769787054
50.37661734803644 10.028415665709353 13.372818034012512 26.975383648314512
50.38967754438338 10.017243031566837 13.383078784033147 26.989355728783412
50.402663919968575 10.006050910296903 13.393306766725809 27.003306242945797
50.41547560858961 9.994754524095939 13.40358696561404 27.017134118879603
50.427918871114116 9.98333414543027 13.413939497962295 27.030645227721607
50.440247312295476 9.97175200175965 13.424403898625952 27.044091411909864
50.45265787576853 9.96035360929328 13.434638977129726 27.057665289345508
50.465027019418265 9.948920565066983 13.44486249488205 27.071243959469196
50.451680573068145 9.959259743020434 13.435726398047347 27.05669443200033
50.43782010481877 9.97027710674561 13.42586992128078 27.041673076792357
50.42416294966788 9.981091367356806 13.41617293792896 27.026898644382157
50.41071014498806 9.992154541132287 13.40618063779934 27.012374966056445
50.397389031111835 10.003065743690595 13.396291603667605 26.998031683753617
50.38504064288357 10.01434285198446 13.385979930737388 26.98471786016173
50.37221220520103 10.025582358915944 13.375653376818802 26.970976469466297
50.35946902285303 10.036943562729757 13.365148475266501 26.95737698485679
50.34633775543449 10.04803619155564 13.354858946741949 26.943442617136864
50.33295528234307 10.05903486657195 13.344607255821732 26.92931315994933
50.31959021968775 10.07001169285661 13.334318467085819 26.915260059745307
50.30608463953968 10.080910495925387 13.324048455061485 26.9011256885528
50.29249824568678 10.091697335907217 13.313829978282575 26.88697093149699
50.27854647047935 10.102394258231552 13.303640569949541 26.872511642298242
50.26471951287736 10.112936660139821 13.293542477515734 26.858240375221833
50.25032850708718 10.123282623442538 13.283579251766305 26.843466631878346
50.236155985804025 10.133589377283597 13.273588266261267 26.82897834225914
50.2216062138882 10.14373506245356 13.26369351076651 26.814177640668156
50.207070266701244 10.15375129450498 13.253860536778623 26.799458435417687
50.19235265483831 10.163684826326858 13.2440414994621 26.78462632904933
50.177503889741786 10.173405549327558 13.234366824180347 26.76973151623387
50.16255976247193 10.183090332591618 13.224656586334303 26.754812843545984
50.14731752814486 10.192404356310316 13.215248990131668 26.739664181702885
50.1321648775574 10.201712754865076 13.205772450591999 26.724679672100326
50.116768793406585 10.210790629479787 13.196454849546457 26.70952331438036
50.10107539947016 10.219676437871616 13.187256943742963 26.69414201785562
50.085541168442184 10.228449186486461 13.178095533175147 26.678996448780573
50.06967671425592 10.236937142025512 13.16914640091417 26.663593171316226
50.053784524410204 10.245298850411274 13.160246851929829 26.648238822069104
50.03790455651235 10.253498288232157 13.151432322191807 26.632973946088402
50.02164069489068 10.26140595178451 13.142835945066608 26.617398798039574
50.00550546598252 10.269194210812396 13.134279705387158 26.60203154978296
49.989078419123956 10.276649011659437 13.125982840948451 26.586446566516088
49.97269126230032 10.283975620476847 13.117734934762193 26.57098070706132
49.95616511895896 10.291076242472691 13.109636041576664 26.5554528349096
49.93970241991188 10.297923852653174 13.101712241152468 26.540066326106228
49.92299072327181 10.304526043578699 13.093958208491147 26.52450647120194
49.90629373465517 10.31091444704978 13.086340119028508 26.509039168576876
49.8894017767438 10.317085120832056 13.078863746868912 26.493452909042837
49.872629603440515 10.322942067014148 13.07162496763075 26.47806256879558
49.85562586049521 10.32863324143067 13.064476616564889 26.46251600249964
49.83880923411855 10.334008008789887 13.05756882506729 26.4472324002614
49.82179509623769 10.339170497633447 13.050801009481411 26.431823589122814
49.8048510106806 10.344026599634413 13.044264860157764 26.416559550888433
49.787828430591794 10.348669971995768 13.037870322301861 26.40128813629411
49.770836651636344 10.353018850708517 13.031699269332897 26.386118531594924
49.75382979259454 10.3571202666768 13.025706490780687 26.371003035137015
49.73676450026713 10.36101585997456 13.019851335244082 26.355897305048526
49.719795664664 10.364616451451118 13.01422472509323 26.340954488119674
49.702946184579076 10.367891942399947 13.008859402699683 26.326194839479445
49.68600208210669 10.370988826112875 13.003609558758356 26.31140369723539
49.66913690928196 10.373707350140814 12.998678679674788 26.296750879466355
49.652406118776334 10.376293949384976 12.99382082794171 26.282291341449664
49.63566682339461 10.378618288668166 12.989169365223399 26.26787916950308
49.61905847057851 10.380681926191727 12.984724716071595 26.2536518283152
49.60253208686816 10.382484422327241 12.98049066727829 26.239556997262586
49.58606088788421 10.383994478517213 12.976502228417145 26.225564180949814
49.56981755718627 10.385327240169294 12.972645343078756 26.211844973938216
49.55357729538029 10.386323706006545 12.96908416162306 26.198169427750667
49.537523070630435 10.387209643083255 12.965594788538313 26.184718639008956
49.52161781881534 10.387847520012214 12.962318347301798 26.171451951501368
49.50608696582686 10.388177255572781 12.959318433333719 26.158591276920344
49.490570326201535 10.388344607053666 12.95645362663942 26.145772092508427
49.47508099655875 10.388360916211695 12.953716163191944 26.133003917155108
49.45988745837856 10.38811940746722 12.951216794215556 26.120551256695805
49.44501080260615 10.387677103974088 12.948902618720432 26.108431079911664
49.43016793012254 10.387092338357235 12.946719625012282 26.096355966753034
49.415724783783716 10.386281491971324 12.944755676530157 26.084687615282252
49.40151170320886 10.385349414183723 12.942910672478485 26.073251616546624
49.38775095984602 10.384145249856566 12.94133975134025 26.062265958649217
49.37409939731228 10.382894783318617 12.939822191207744 26.05138242278588
49.360877018169774 10.381456533325347 12.938503951933182 26.04091653291126
49.347732180542685 10.379978928578854 12.937242417321173 26.030510834642634
49.33506633243172 10.378287235301178 12.93621616250593 26.020562934624593
49.32288012481631 10.376512012241292 12.935299877018608 26.01106823555638
49.31090571790753 10.374659227189285 12.934493664820709 26.001752825897576
49.299235306347015 10.372721399179941 12.93381052132463 25.992703385842443
49.28814298731856 10.370677693454624 12.933275427079927 25.984189866783993
49.277264027855594 10.368651435951875 12.932771635965427 25.975840955938278
49.26681235155981 10.366521520850926 12.932426307427951 25.967864523280973
49.25692993271518 10.364352018211001 12.932179287810852 25.96039862669331
49.24732287137992 10.362223793410015 12.93195718022991 25.95314189774006
49.23799323099001 10.36008212290067 12.931821692099522 25.94608941598986
49.229347999546576 10.357907836674315 12.93179502264199 25.93964514023023
49.22112614549683 10.355779954685879 12.931805491177757 25.933540699633195
49.21353624291459 10.353623793645877 12.931933342935075 25.927979106333687
49.206150489730874 10.351603839633928 12.93202241694637 25.92252423315059
49.19929644351181 10.349596464179266 12.932201416552363 25.91749856278017
49.19290273128235 10.347728133198741 12.932349598158 25.912824999925675
49.187072405332664 10.345932041464323 12.932540391188226 25.90859997268013
49.18186960476972 10.344150118472925 12.932838332213015 25.904881154083835
49.177045984996965 10.34256767978999 12.933065268988837 25.901413036218113
49.17286124424644 10.341121826511891 12.933289120797571 25.89845029693699
49.16897411566974 10.339820553649917 12.933511730117926 25.89564183190193
49.165945991264664 10.338670549269944 12.933728130340036 25.893547311654643
49.163269621368734 10.337727229289685 12.93389381664652 25.89164857543251
49.16134520148921 10.336893565905356 12.93411014744217 25.89034148814167
49.159759574821365 10.336342417707833 12.934213168673208 25.889203988440308
49.15893900638329 10.336001654041446 12.93427882947428 25.88865852286757
49.15856547406767 10.335860990341178 12.934327378192375 25.888377105534143
