116.80148437567287 8.12918670999663 65.16758796885838 43.50470969681774
116.80080238708834 8.129232294730866 65.16728361958546 43.50428647277192
116.79877592270601 8.129930743167417 65.16606696781902 43.50277821171947
116.79566267176565 8.131143780040343 65.16401123886135 43.50050765286407
116.79025964732946 8.132838606774804 65.16115877390588 43.496262266648884
116.78221992568479 8.134984493008684 65.15754239081124 43.48969304186463
116.77393710513829 8.137622434872327 65.15312800182635 43.483186668439664
116.76235125029997 8.140670545678306 65.1480084624465 43.47367224217508
116.75070326785684 8.144195767319367 65.14211559366566 43.46439190687182
116.73688992585812 8.148138263626352 65.13552416208958 43.4532275001421
116.72098863640588 8.15248879351354 65.12825091409351 43.440248928798724
116.70680636025932 8.157324469334698 65.1202264595872 43.42925543133731
116.68695579371 8.162483367801302 65.11160566070731 43.41286676520115
116.6675448397638 8.168077783792612 65.10230062572738 43.39716643024383
116.64724422081623 8.174066090305466 65.09235787045874 43.380820260052076
116.62537135355471 8.180435307479812 65.08179190757821 43.36314413849673
116.60243423357934 8.187185984038138 65.07061041962865 43.34463782991272
116.57769708843952 8.194304564938342 65.05882478713453 43.32456773636669
116.55256114208213 8.201819777446929 65.04641085783898 43.30433050679632
116.52569753934661 8.209679822212237 65.03343315622993 43.28258456090454
116.4982268021328 8.217886357012288 65.01990024360718 43.26044020151329
116.47010515935229 8.226460271217645 65.0057826340707 43.23786225406393
116.44177601568069 8.235366115093028 64.99114280135912 43.21526709922845
116.41274467883142 8.244630286583904 64.97594523668435 43.19216915556317
116.38178746148033 8.254369439122561 64.96011115129377 43.16730687106396
116.34937081014026 8.26405888434931 64.94407335328815 43.141238572502665
116.31669342790076 8.274295255348818 64.92730419754653 43.11509397500536
116.2844389471328 8.284911543207684 64.9099258089414 43.08960159498368
116.25020205386605 8.295773135468586 64.89214070165683 43.062288216740626
116.21592216966702 8.307030750298363 64.87368586205191 43.03520555731683
116.1810826960639 8.318581666187855 64.85473233933298 43.00776869054324
116.1458952581469 8.33043472743295 64.83528954233273 42.98017098838134
116.10974039720354 8.342566227542454 64.81539701082717 42.9517771588339
116.07442938470166 8.355019464221515 64.79500836918919 42.92440155129095
116.03760424958205 8.367688564092498 64.77431557970532 42.8956001057842
116.00049230722634 8.380741680243494 64.75293691566084 42.86681371132203
115.96202698491648 8.394142647453425 64.7308677061541 42.83701663130886
115.92477712919327 8.40777807000622 64.7084946960007 42.80850436318637
115.88463122176334 8.421655257703142 64.68569277406243 42.77728318999774
115.84885710625196 8.435922357206628 64.66226992385353 42.75066482519179
115.81105574560898 8.45037934897726 64.63858718628653 42.72208921034533
115.77128663865726 8.465177520551473 64.61417108723046 42.69193803087541
115.73058335742877 8.480125791494993 64.58960943416159 42.660848131772205
115.69007436561515 8.495350480524651 64.56461766729171 42.63010621779887
115.65024530593793 8.510925173129486 64.53895656301138 42.600363569797196
115.61078045290091 8.52667581203297 64.51314548506086 42.57095915580699
115.56878321218619 8.54258575560177 64.48711775998117 42.53907969660314
115.5273712274858 8.558860860397521 64.4603723077754 42.50813805931298
115.4863789526711 8.575289069003608 64.43353537616308 42.47755450750449
115.44504357858538 8.591938227861474 64.40639698243477 42.44670836828913
115.4035422655527 8.60878730968138 64.37902668741523 42.41572826845608
115.36151371387035 8.625881318377191 64.35126189595948 42.384370499533624
115.31934597949125 8.643158261500767 64.32330002466463 42.352887693325734
115.2761676019376 8.660702692789664 64.29482316202723 42.32064174712065
115.23432175693179 8.678405824116995 64.26629283251455 42.289623100300176
115.19195511671222 8.696293041293735 64.2375740748876 42.258088000530854
115.15061059014091 8.714421917607655 64.20855438822213 42.2276342843112
115.1077487238395 8.73271354148143 64.17933199863278 42.19570318372522
115.06442685241804 8.751218592579184 64.1498182418373 42.1633900180015
115.02264934163641 8.769940853987698 64.12006035837057 42.13264812927819
114.97960247877907 8.788834685170325 64.09008550775859 42.10068228585013
114.93815347350035 8.807980958566258 64.05977191845791 42.070400596476226
114.8947767655672 8.827251092081152 64.02934699684351 42.03817867664269
114.85242324661002 8.846732342352006 63.99867202622505 42.007018878033186
114.80977020823816 8.866410586362147 63.967753246568 41.9756063753081
114.76749354438762 8.886302315843805 63.93657084791352 41.94462038063043
114.72488718632167 8.9063544305384 63.90520176437844 41.91333099140479
114.68285228192131 8.926589507079031 63.87362471158506 41.882638063257275
114.64048040933135 8.947034751607621 63.8417939497102 41.8516517080136
114.59855672550876 8.967635385019506 63.809789187998206 41.82113215249101
114.5565884511492 8.988428488665791 63.77756203509972 41.79059792738366
114.51477455241594 9.009402356075993 63.745128930268955 41.76024326607098
114.47301216017422 9.030556722585459 63.712491058818955 41.72996437876974
114.43143481804742 9.051887769715107 63.6796559518808 41.69989109645161
114.38992383540644 9.073400733560735 63.64661933569813 41.66990376614744
114.34869500874638 9.095083362834991 63.61339803459887 41.64021361131251
114.30763482210384 9.116938218948105 63.579990807743144 41.61070579541251
114.2666998781673 9.138970499781662 63.54639381736709 41.58133556101848
114.22597040021644 9.161173056995407 63.51261747391821 41.55217986930296
114.18539615527632 9.183547869258328 63.47866139398244 41.523186892035454
114.14512852397996 9.206085437187769 63.44453895229741 41.49450413449475
114.10508274532478 9.228788974509387 63.41024843896499 41.46604533185046
114.06528895964396 9.251657157332115 63.37579344659608 41.43783835571574
114.02566690385437 9.274698611963917 63.341166103991995 41.4098021878984
113.98631296382136 9.297896834297614 63.30638634219568 41.38202978732803
113.94713036992658 9.321267938439998 63.27143812968311 41.3544243018036
113.8916346240733 9.34384936109334 63.23730227491413 41.31048298806571
113.86974637750318 9.368471751252224 63.20111125194335 41.30016337430761
113.83149530182666 9.392307566824975 63.16573211913156 41.273455615870176
113.79350987164165 9.416302520399432 63.130208076283594 41.24699927495864
113.75576866470804 9.440460071289127 63.09453621015539 41.220772383263686
113.7183309866725 9.46477200674709 63.058728141222055 41.19483083870343
113.68122953437495 9.489230975049209 63.0227944417321 41.16920411759355
113.64444498961957 9.513843646479703 62.98672976211084 41.14387158102901
113.60793921402684 9.538612679505611 62.950530721180975 41.1187958133403
113.57179231610101 9.563523041947565 62.914218425285995 41.094050848867276
113.53595952508195 9.588587074593736 62.87777982627742 41.06959262421094
113.50044048612028 9.613803261590597 62.841216634028996 41.045420590500655
113.46528954959875 9.639162628336832 62.80454286864012 41.02158405262158
113.43046890266666 9.66466299453984 62.767762614873085 40.998043293253836
113.39599912962454 9.690308895155038 62.73087226116085 40.97481797330863
113.43043791702954 9.664742581763564 62.76767481352683 40.99802052173924
113.4654995351787 9.639165416654574 62.80452703882458 41.021807079699634
113.50037741292134 9.613858381179934 62.84114448706707 41.0453745446743
113.53565551382245 9.58871625383624 62.877630613671634 41.06930864631454
113.57134111332465 9.563633603172413 62.91408674276461 41.09362076738748
113.60734326992247 9.538715801951588 62.95040668995457 41.118220778016315
113.64364549192827 9.513952323995424 62.98659960951527 41.14309355841746
113.68025384538672 9.489342592904958 63.02266414274415 41.1682471097374
113.71717724289903 9.46487207022757 63.058611441646846 41.1936937310244
113.75439606281122 9.440560096686037 63.09442159246098 41.21941437366445
113.79192452019791 9.416407801583226 63.13009084322131 41.245425875393366
113.82976049229168 9.392403792270802 63.16562801553145 41.271728684489396
113.86791253945758 9.368551966981489 63.20102683972112 41.29833373275496
113.90636300804871 9.344857470136155 63.23628083589001 41.325224702022574
113.94506406940519 9.3213376902014 63.27137163872828 41.35235474047552
113.98402550803782 9.297978581618223 63.30631043337106 41.37973649304857
114.02335550925815 9.274765486006958 63.341107088682925 41.4074829345684
114.06292295574215 9.251724391434454 63.37573608140543 41.43546248290236
114.10275102519488 9.2288481395891 63.41020187304081 41.46370101256489
114.14269836147834 9.206157075604576 63.44448483877755 41.49205644709629
114.18300194971921 9.183612556920616 63.47861615519815 41.5207732376003
114.22355526384219 9.161239397491986 63.512570511576584 41.54974535477357
114.26430437411739 9.139038082276397 63.546345997765336 41.578920294075836
114.30533072944085 9.11700329691723 63.57994405666034 41.60838337586323
114.34659802487937 9.095149871049605 63.61334831964709 41.63809983418264
114.38789359309217 9.073463408644733 63.64657278949083 41.66785739495656
114.42957060000585 9.051951743614598 63.67960239474752 41.698016461643746
114.47134174003847 9.030624230408343 63.71242974431709 41.72828776531303
114.51328034018105 9.009473157695846 63.74505831654152 41.75874886594361
114.55525363659694 8.98851023370858 63.777475732938605 41.78926766994982
114.59748834213309 8.967720274075305 63.809691039391936 41.82007702866565
114.63991657265676 8.947111369165736 63.841694568359515 41.85111063513154
114.68239524077933 8.926689917915947 63.87347809357713 41.88222722928636
114.72502846878953 8.906457063600882 63.905037718195 41.91353368699361
114.76764333497668 8.886414335650944 63.9363697772996 41.9448592220261
114.81058824141299 8.866551354435304 63.96747777553878 41.9765591114389
114.85326090233329 8.846897962546674 63.99833667084918 42.00802626893755
114.89610514048196 8.827430015727899 64.02896163167901 42.03971349307502
114.93922387857232 8.808147368522203 64.05934837086252 42.071728139187606
114.98202969345293 8.789079689642973 64.08947130462363 42.10347869918614
115.02508145417411 8.770198556914929 64.11934905230179 42.13553384495738
115.0681082286998 8.751522796155847 64.14896262451819 42.167622808025754
115.11101898783924 8.73305235237795 64.17830929370936 42.19965734175214
115.15405136108943 8.714780949884124 64.20738965711924 42.231880754086056
115.19688176017067 8.696724199782837 64.23618815534445 42.26396940504343
115.2397322942906 8.678874754964264 64.2647064577127 42.29615108161363
115.28241377718007 8.661244131333794 64.2929320199818 42.328237625864475
115.32516865747725 8.643818491722554 64.32087106705107 42.360479098703635
115.36762812626337 8.626617734560817 64.3485048471265 42.39250554457615
115.40993967500638 8.6096389515203 64.37583106655686 42.42446965692917
115.4521020417127 8.592878257224244 64.40284900859503 42.45637477589331
115.49420739611699 8.576341353631966 64.42954930532574 42.48831673715933
115.53604666042338 8.56003212104516 64.45592501704984 42.52008952232847
115.57773780991856 8.543949342812345 64.48197257601885 42.5518158910874
115.61904910650125 8.528114605375537 64.50767029520391 42.583264205921886
115.6603033028961 8.512504855033736 64.53303207780564 42.61476637005655
115.70114262728572 8.497137553326537 64.55803970062814 42.645965373330974
115.74160060001611 8.48202018579465 64.58268234546703 42.67689806875435
115.78189202298175 8.46714035117095 64.60696487896297 42.70778679284765
115.82171813688468 8.452518950881757 64.63086601004159 42.738333175961436
115.86132440207705 8.438137582929883 64.6543954350661 42.768791384081126
115.90036233547183 8.424032529483597 64.6775188658671 42.798810940121065
115.93914718136692 8.41017382251744 64.70025551836905 42.82871784048016
115.97734812166351 8.396588909619878 64.72257815065738 42.858181061386325
116.01508110513821 8.383271437159578 64.74448666279307 42.887323005185635
116.05247037953654 8.37022337017585 64.76597332383268 42.91627368552821
116.08914234826557 8.357450999806233 64.78702901113603 42.94466233732318
116.12544668180993 8.344973901354763 64.8076304760725 42.972842304382844
116.16100248075335 8.332779518645909 64.8277840771199 43.00043888498737
116.19622800397278 8.320877526824065 64.84747446595301 43.02787601119561
116.23035544680336 8.309264516130224 64.86670143494916 43.054389495723925
116.2644184109722 8.297966005437392 64.885434077688 43.08101832784687
116.29722119417076 8.286956868680651 64.90369155805996 43.10657276743026
116.32913527270787 8.276273231405938 64.92143678399127 43.13142525731065
116.36088677238074 8.26589046402882 64.93868052587382 43.156315782478096
116.39166905671179 8.255854174674363 64.9553823572051 43.18043252483231
116.42171150436614 8.24613991472724 64.9715550984657 43.20401649117329
116.45092023634935 8.236757049581296 64.98718477776626 43.22697840900174
116.47924491427011 8.227719706165477 65.00225344467201 43.24927176343259
116.50641052202079 8.219029806492701 65.01675402260994 43.27062669291822
116.53280651975311 8.210696900130767 65.03067027701763 43.2914393426045
116.5691070501685 8.202865815958539 65.04391468642473 43.32232654778521
116.58359226638214 8.195159045748678 65.05667613029044 43.33175709034312
116.60500967442304 8.187877995878742 65.06882359073256 43.34830808781186
116.62830801457179 8.181030068236765 65.08028501652524 43.36699292980995
116.6495090247346 8.174580936849884 65.09110017769687 43.38382791018776
116.66893988502063 8.168486779184672 65.10129278210772 43.3991603237283
116.68802921527156 8.162824803072985 65.11078874216577 43.414415670032724
116.70516650877839 8.157568704992924 65.11960907411445 43.427988729671036
116.72176067334439 8.152732970802694 65.12772701634998 43.44130068619179
116.73661736716865 8.14831734019707 65.13514153377815 43.45315849319326
116.75058683349206 8.144360414315752 65.14181137740802 43.46441504176842
116.76271688769135 8.140811759167375 65.1477703580256 43.47413477049824
116.7729363365062 8.137704581834154 65.15298676443328 43.48224499023861
116.78207532189788 8.1350660609915 65.15742751176906 43.48958174913739
116.78996450937093 8.13289379931355 65.16108680873661 43.495983901320805
116.79575943977235 8.13118695201399 65.1639625151258 43.50060997263263
116.79970340616111 8.129956405918234 65.16603699552857 43.503710004714165
116.80211017321307 8.129205582064065 65.16729633961629 43.505608251532834
116.80376318379585 8.128967306720865 65.16770369842118 43.50709217865368
