32.26406371460043 8.827782617575286 10.921580688110708 12.514700408914436
32.26406311812579 8.828255025496805 10.921211544636591 12.51459654799238
32.26411889413835 8.828692316260316 10.920867666039934 12.514558911838082
32.26422825261467 8.829139013431519 10.920540255898615 12.514548983284541
32.264381793102125 8.82954336953537 10.920206410785198 12.514632012781552
32.264578503972146 8.82985648845254 10.919935003410401 12.514787012109213
32.26285154220694 8.82762099738724 10.92059347047053 12.514637074349176
32.26152449956503 8.825563361154126 10.921486410467507 12.514474727943393
32.260736146014025 8.824003078986546 10.92222350235477 12.51450956467271
32.260059676559074 8.822399679077082 10.923036215741064 12.514623781740932
32.259520828774804 8.820818309167535 10.923886115581855 12.514816404025416
32.259073529578416 8.819201880124112 10.924801724409646 12.515069925044683
32.25860478641313 8.817319070050017 10.925927005678455 12.515358710684662
32.25838242431851 8.815775435760685 10.926899583559065 12.515707404998764
32.25821994218579 8.814199088722935 10.927923550934093 12.516097302528774
32.258106524826665 8.812629392709615 10.928980686672196 12.516496445444863
32.25800494216487 8.810995827598704 10.930100477723323 12.51690863684283
32.25784548070551 8.809244120692759 10.931323927753166 12.517277432259593
32.256275704458005 8.805955102669655 10.933524301026 12.516796300762346
32.24440180500099 8.790484396107857 10.942690460077765 12.511226948815372
32.243743003794314 8.78812164399335 10.944257746018641 12.511363613782317
32.24307486470559 8.785670828582338 10.945894446067859 12.511509590055375
32.24245009543151 8.783212722133314 10.947547803530744 12.511689569767437
32.241892623608834 8.780795214321227 10.949192504004861 12.511904905282742
32.24145346658788 8.778514137925653 10.950774148345554 12.512165180316684
32.24089738641413 8.775998507344063 10.952510200005273 12.512388679064804
32.24055730668397 8.773755851574132 10.954095805544446 12.512705649565392
32.24022226946912 8.771443357055574 10.955743348568804 12.513035563844738
32.23984787500006 8.76906693275127 10.957437987266408 12.5133429549824
32.239614749419886 8.766845993076808 10.959059959010668 12.513708797332418
32.239353995597924 8.764550567618985 10.960740056666246 12.514063371312693
32.23910749691598 8.762263086732228 10.962423019005291 12.514421391178468
32.23903151250403 8.760174928888285 10.964004651503592 12.514851932112158
32.238844712941244 8.757883687297207 10.965727755156724 12.515233270487318
32.238804314797456 8.755750421263068 10.967365308269 12.515688585265389
32.238763355325865 8.753625832607735 10.969019883548714 12.516117639169426
32.238780821574814 8.751531559339282 10.970663613055105 12.516585649180428
32.23883360017062 8.749474111942396 10.9723043486106 12.517055139617613
32.23888423297692 8.74741927826226 10.973955164943018 12.517509789771628
32.23901159844699 8.745447418534026 10.975569447981048 12.517994731931932
32.239167343490635 8.743466256279763 10.977202205308842 12.518498881902023
32.2392726577756 8.741549579952405 10.978802267031641 12.518920810791553
32.23953158217984 8.739641164695856 10.98042189676819 12.519468520715797
32.23985273414575 8.737796337906499 10.98201519655512 12.52004119968414
32.24015412259122 8.73586131542038 10.983690603814491 12.520602203356342
32.24045507407305 8.734068811991204 10.985280674301416 12.521105587780426
32.24083037022674 8.732290060855936 10.986878808249784 12.521661501121002
32.24126018387492 8.730531279595345 10.988480291654865 12.522248612624711
32.24167024111064 8.728817566804459 10.990069321663006 12.522783352643183
32.24217085193937 8.727114450494412 10.991658808510094 12.523397592934861
32.242617534937175 8.725507604587188 10.993212024234573 12.523897906115398
32.24319446640613 8.723878531785893 10.994775686819725 12.524540247800514
32.24375440926172 8.722199696277984 10.996404530239245 12.525150182744488
32.24436127498413 8.720620839588014 10.997976837298554 12.525763598097551
32.24498241367614 8.719082054866544 10.999539951361596 12.526360407448013
32.245649743246034 8.71755526372188 11.001104650866269 12.52698982865789
32.24635491493177 8.716040520976414 11.002675950044187 12.527638443911169
32.247075386293545 8.714571133233186 11.004235851990876 12.528268401069493
32.24776795759361 8.713296130092145 11.005697410275722 12.528774417225746
32.24857445991938 8.711855381055312 11.007246416455775 12.529472662408287
32.24937308941928 8.710445999907202 11.008816025284048 12.530111064228006
32.25016967403343 8.709182184395585 11.010299078739855 12.530688410897977
32.251077711479894 8.707970218897715 11.011732295117637 12.531375197464552
32.251964264021105 8.706432954338949 11.013428740542192 12.532102569139964
32.25283296240719 8.705307765241326 11.014871584621813 12.532653612544054
32.25381809479906 8.704162356482602 11.016297834324675 12.533357903991783
32.254804889015126 8.702671252773145 11.017985587147528 12.534148049094439
32.25579632818378 8.701453077784286 11.019523305129972 12.534819945269515
32.25682229273107 8.70028746193304 11.021027026807618 12.535507803990416
32.25786923053784 8.699152725863966 11.022525711172625 12.536190793501252
32.2589585485366 8.697969131553247 11.024053449250825 12.5369359677325
32.26002428558445 8.697046398116814 11.025467690916912 12.537510196550722
32.26118118214565 8.696041006960018 11.026880690001743 12.538259485183895
32.26230633252552 8.694867436011018 11.028474121744813 12.538964774769681
32.26351003661161 8.6939236424845 11.029876007716624 12.53971038641048
32.26467816731674 8.692842513312947 11.031438085353404 12.540397568650388
32.26592704355226 8.691943186014678 11.032832816962458 12.54115104057512
32.26715873849164 8.6908373992537 11.034421301206702 12.54190003803124
32.26841866776973 8.68995563704642 11.035859095841309 12.54260393488201
32.26971047594363 8.689063449989515 11.037308175029155 12.543338850924965
32.27100356930507 8.68825274373142 11.03873637301032 12.544014452563331
32.27235716111092 8.687535855254135 11.040083034219585 12.544738271637213
32.27370823075356 8.686481595848043 11.04166985167107 12.545556783234446
32.2750647827537 8.685770612262223 11.043070369251977 12.546223801239517
32.27648028436496 8.685103327869182 11.044410623907718 12.546966332588058
32.277894815749235 8.684130807392256 11.045973389202326 12.547790619154647
32.279339908131206 8.68336033877334 11.047410401242113 12.548569168115765
32.28077920712418 8.68272195770548 11.048808748285406 12.549248501133285
32.28227438361006 8.682146060009869 11.05013099841795 12.549997325182256
32.28379040789894 8.681411867839854 11.051559087604073 12.550819452455004
32.28529470982893 8.68052987967053 11.053128057821992 12.551636772336401
32.286848167353774 8.680035937761707 11.054434826080373 12.552377403511695
32.2883913222234 8.679278723639996 11.055940008353753 12.553172590229652
32.289981831880134 8.678827262975796 11.057233532344851 12.55392103655948
32.29156816279055 8.678088822726252 11.058732170836697 12.554747169227598
32.293186542173906 8.677647659344792 11.060057634364082 12.555481248465034
32.29483182952414 8.677102804011392 11.061424768342379 12.556304257170346
32.29646471188274 8.67648398764589 11.062890019430816 12.557090704806063
32.298144649145975 8.67614578399451 11.064158364026966 12.5578405011245
32.29981401407589 8.675582010869114 11.065602295123465 12.558629708083304
32.301527583341404 8.675269062068553 11.06686437515449 12.55939414611836
32.29979907815192 8.675658294926613 11.065587402868537 12.558553380356763
32.2980911085435 8.676166030835326 11.06424215941775 12.557682918290404
32.29640307314969 8.676743841355767 11.06285660064399 12.556802631149946
32.29473476712926 8.67737304790391 11.061444066456454 12.5559176527689
32.29308256633661 8.678041345527362 11.05997814033597 12.555063080473259
32.29145323991107 8.678813984622852 11.058496639631604 12.55414261565662
32.28984041632638 8.679559797839223 11.057002361833163 12.55327825665398
32.28825068844125 8.680365996607895 11.055516321290305 12.552368370543045
32.286677598300116 8.681120057416203 11.054030015492279 12.551527525391617
32.28512458264259 8.68196805573641 11.052506127825927 12.550650399080261
32.28359176476983 8.682812930608906 11.050992770547545 12.549786063613364
32.28207932677395 8.683656227114335 11.049489313174723 12.548933786484907
32.280587472036295 8.684502131023335 11.047993253189654 12.548092087823315
32.27911641376514 8.685354590890501 11.046502251123297 12.547259571751342
32.277659114436645 8.686345813914132 11.044899338883388 12.546413961639125
32.276229412330345 8.687198671483607 11.04343070817735 12.545600032669395
32.2748216161536 8.688041916925485 11.041975262183431 12.544804437044684
32.2734281653108 8.688996509203006 11.040426392745832 12.544005263361948
32.27206313354909 8.6898786470415 11.038968407629024 12.543216078878567
32.270713477587314 8.690825337693363 11.037446924687115 12.542441215206823
32.269392683341216 8.691729900597725 11.035994780521575 12.54166800222193
32.26808774949533 8.692696377502608 11.034481583106412 12.540909788886324
32.266812354097254 8.693642806824695 11.033023838288461 12.540145708984111
32.26555321269498 8.694641643574329 11.031510884127334 12.539400684993339
32.26431698736106 8.695681022965168 11.02998788497941 12.538648079416499
32.263083476898984 8.696642640657315 11.028467251771124 12.537973584470539
32.26190326433959 8.697555614527866 11.02708489568239 12.537262754129337
32.26074520207069 8.698515173298597 11.025671846826475 12.536558181945606
32.2596123791101 8.699584982178905 11.024199297885716 12.535828099045515
32.2584968837375 8.700769583098857 11.02263386168017 12.535093438958492
32.25740601373054 8.701983184969883 11.02106502456394 12.534357804196716
32.25634702821238 8.703105596781855 11.019592069304172 12.53364936212634
32.255308022917184 8.704312442916285 11.01805124408255 12.532944335918339
32.254272868432665 8.705567341923508 11.01643387833244 12.532271648176712
32.25329531883624 8.706711011883591 11.015006360133075 12.531577946819578
32.252341944912644 8.707821236111204 11.013587102373695 12.530933606427762
32.25140816990136 8.709154411204718 11.012014406915217 12.530239351781415
32.25049352518768 8.71061006405035 11.010355552691404 12.529527908445937
32.24962170548749 8.71181395914482 11.008919873296419 12.528887873046257
32.248770749026036 8.71317645167257 11.007368669807365 12.528225627546098
32.24793540498968 8.71462972761375 11.005737148579929 12.52756852879601
32.24714840155075 8.715905386262785 11.00430008165984 12.52694293362811
32.246383507347 8.717336308212031 11.002746570711718 12.52630062842326
32.24563379100294 8.718863321861384 11.001113010853883 12.525657458287679
32.24493485560427 8.720187115213022 10.999679794545123 12.525067945846121
32.24425948157626 8.721700597912388 10.998114717125778 12.524444166538085
32.24362147093491 8.72317245665345 10.996610819704047 12.523838194577396
32.24300867866183 8.724758713826194 10.995025614872326 12.523224349963318
32.242418017087665 8.726511371404202 10.993323610740626 12.522583034942835
32.24185845416834 8.72809789968763 10.991750819412005 12.522009735068696
32.24134600924606 8.72958164882923 10.990299713709188 12.52146464670765
32.240861528703626 8.731219784508944 10.988742974430528 12.520898769764154
32.240395938596784 8.733014637884821 10.98706065439245 12.520320646319512
32.23998427915369 8.734574793192749 10.985611198476834 12.519798287484107
32.23958425659954 8.73645218833398 10.983913880002293 12.519218188263265
32.23923947645941 8.738033844905253 10.982471455145816 12.518734176408323
32.23892454714627 8.739795487703164 10.980909198813093 12.518219860630008
32.23863852260757 8.741667988214028 10.97926974645808 12.517700787935471
32.23840103635913 8.743376762955913 10.977797456937143 12.517226816466067
32.23817475268281 8.745425823557246 10.976050149411732 12.51669877971383
32.238009737849254 8.747123554439176 10.974617880229975 12.516268303180103
32.23785765026455 8.749182577393073 10.972908271197664 12.51576680167382
32.23776684414589 8.750899047271693 10.971491494095902 12.515376302778288
32.237695507820355 8.752970115582052 10.969811586652433 12.514913805585866
32.2376826190911 8.754742865250464 10.968393811534458 12.51454594230616
32.2376911371745 8.756863238309899 10.966720318424535 12.514107580440072
32.237755037425956 8.758707654031639 10.965286606708263 12.513760776686057
32.23785297318769 8.760738267679551 10.96372818446586 12.513386521042294
32.23798389621628 8.762883101639913 10.962083479374384 12.513017315201978
32.23816941268113 8.764802539354214 10.960655915531229 12.512710957795692
32.23838894182655 8.766905677489639 10.959100246184331 12.512383018152583
32.23864784157389 8.76905911876408 10.957512455902242 12.512076266907567
32.23894580853269 8.771245425077403 10.955931516874646 12.51176886658064
32.23929838986572 8.773198134882689 10.954540592181758 12.511559662801279
32.23969056882206 8.775289937889363 10.953069019496068 12.511331611436637
32.24011364024707 8.77762673153358 10.951422786923715 12.511064121789754
32.240595688533325 8.77962203915497 10.950056014597616 12.510917634780721
32.241118227984074 8.781747972050631 10.948614528341869 12.51075572759157
32.241667513580246 8.784151362445117 10.946952511054606 12.510563640080532
32.2422852759379 8.786158468651388 10.945641619930848 12.510485187355659
32.24294028401841 8.78827705467258 10.944267651263614 12.510395578082212
32.24363184098944 8.790597254349638 10.942736317037715 12.510298269602085
32.24438111468056 8.792667804496874 10.941431479013398 12.510281831170287
32.2451733909099 8.794817917542746 10.940081372815225 12.510274100551914
32.24600439795875 8.797092024640504 10.938644537580112 12.510267835738123
32.24688074565309 8.799342209437917 10.937236354090118 12.510302182125061
32.24780490770316 8.801531699710782 10.9358950099518 12.510378198040593
32.2487730101537 8.803732853762977 10.934556599481079 12.510483556909639
32.24978651804715 8.805898602328018 10.933257699166823 12.510630216552308
32.250847259457615 8.808021558255527 10.932012306409533 12.510813394792544
32.25195536378005 8.810111499123636 10.930807959884376 12.511035904772038
32.253109237420404 8.81220455931655 10.929620602889825 12.511284075214025
32.254310098169924 8.814258281743118 10.928476387796723 12.511575428630076
32.255557895044674 8.816284924325597 10.927370498658023 12.511902472061072
32.256849630626 8.818275732544715 10.926306121394022 12.512267776687256
32.25818133074347 8.820215099989564 10.925295232711365 12.512670998042545
32.25957417258324 8.822156883215781 10.924305919956852 12.513111369410606
32.261021225754426 8.82407124556524 10.923352318032594 12.513597662156581
32.26251892224456 8.82595123143546 10.922440732854557 12.514126957954536
32.26406371399387 8.827783235665171 10.921579026254644 12.514701452074053
