32.97294133756446 8.817797757881861 11.58047207003018 12.574671509652415
32.973269656278134 8.818124370712592 11.580369236780957 12.57477604878459
32.97388222994162 8.818653035496128 11.580279628646718 12.57494956579876
32.97476304488452 8.819372179765018 11.580211354113045 12.575179511006432
32.97597136115363 8.82027000373509 11.580174190282492 12.575527167136064
32.977515408461464 8.821347951166015 11.580164065906416 12.576003391389056
32.97941870971117 8.822602497060519 11.580182245062382 12.576633967588286
32.97900506431531 8.814224350270035 11.587116217395064 12.577664496650232
32.98427194872926 8.785129540081728 11.605818157850914 12.593324250796607
32.98746209110247 8.776767178948957 11.612905870434222 12.597789041719283
32.99100353168575 8.767201875156644 11.62109635091462 12.602705305614462
32.99478908648549 8.756396372476823 11.630435425686747 12.607957288321911
32.998945867891095 8.7441762022774 11.641056149988616 12.613713515625083
33.003376607989765 8.73050277322836 11.653004233221747 12.619869601539653
33.00807880362836 8.715289369169652 11.666355605108839 12.62643382934988
33.013086717542194 8.6984408287993 11.681191181163149 12.633454707579762
33.018277236152635 8.680002063302844 11.697469685457126 12.640805487392663
33.02384082631958 8.659721261356149 11.715420371836474 12.648699193126935
33.02949225732313 8.637907995625064 11.734750294968476 12.656833966729584
33.03520022317022 8.614781439346574 11.755236960982872 12.66518182284077
33.041306823974175 8.589355950139815 11.777859235081625 12.674091638752762
33.04717784677284 8.56339969058945 11.800863655225397 12.682914500957983
33.0531943578294 8.535819150836218 11.825346760173145 12.69202844682003
33.059251349044516 8.506951397370276 11.85098065678951 12.70131929488472
33.06543301618459 8.476600457282965 11.877971172103717 12.710861386797907
33.071037243252185 8.44705308864356 11.904050878851661 12.719933275756967
33.0766241147757 8.416474962876874 11.931064222688223 12.729084929210597
33.081993753764834 8.385739531454618 11.958153100662358 12.738101121647837
33.087152653985115 8.354781600450583 11.985397056051077 12.746973997483455
33.092047671070524 8.323982520685064 12.012429149682458 12.755636000702998
33.09674985519964 8.293211743749096 12.039393364746916 12.76414474670363
33.10109577121282 8.262998218360039 12.065774241867954 12.772323310984826
33.10542933612768 8.23237464577037 12.092549517926697 12.780505172430633
33.10874727408078 8.205080586089569 12.115994824914713 12.787671863076495
33.11242203893665 8.175940140286338 12.141290916693652 12.795190981956658
33.115764887108504 8.147730925919559 12.165671273011693 12.802362688177245
33.11882690180991 8.120399623254919 12.189197237079089 12.809230041475905
33.12164686345098 8.093762530217642 12.212059246311938 12.815825086921388
33.124309795251826 8.06767044848625 12.23441267762949 12.822226669136073
33.126825311971594 8.042079922667252 12.256306357867151 12.82843903143719
33.12932446039644 8.016343460768436 12.278391979931722 12.83458901969627
33.131487978001545 7.9921478592382185 12.298988340611686 12.84035177815165
33.133614500049895 7.96813166892241 12.319459527223385 12.846023303904097
33.135503281541084 7.94529819833788 12.338806113643317 12.851398969559886
33.13758220517047 7.921580503670952 12.359096168418036 12.85690553308146
33.13920997987666 7.900159992478105 12.37715299665446 12.861896990744098
33.141136259391196 7.877437925158034 12.396574670034104 12.867123664199077
33.14280221852833 7.8561795642714785 12.414599673735554 12.872022980521297
33.14439082086918 7.835553791052764 12.432060031039736 12.876776998776695
33.14616519757099 7.814096043552469 12.450420372111296 12.88164878190721
33.147589367582256 7.79488963797759 12.466600567701498 12.88609916190317
33.149243726416906 7.774611863734172 12.48392177288546 12.890710089797274
33.150804041533114 7.7551958124219444 12.50045299371519 12.895155235395988
33.15265729989362 7.734247332627246 12.518587815629346 12.899822151637027
33.15385158383632 7.717882321807542 12.532212985731597 12.903756276297177
33.15558698840389 7.698583713784749 12.54884273186168 12.90816054275746
33.15699598721491 7.681588660520538 12.563242720966466 12.912164605727915
33.15861546658078 7.663679351121861 12.578628910940537 12.91630720451839
33.160288438598776 7.645920356139205 12.593937394217923 12.92043068824166
33.16193774114874 7.628692337536931 12.608787662814695 12.924457740797118
33.16353344989122 7.612384572472902 12.622790555937872 12.928358321480433
33.16527255859406 7.595493261818285 12.637448775550649 12.932330521225126
33.16700846499651 7.579118945256139 12.651662252624506 12.936227267115857
33.16874617146814 7.563689661146371 12.66500292366598 12.940053586655797
33.17060609833317 7.54722086437379 12.679453821752366 12.943931412206997
33.172370249745526 7.532774812995135 12.691954194364289 12.947641242386085
33.174360498419446 7.516756115362218 12.70609687734119 12.951507505716043
33.176376879603225 7.501309913233687 12.71973783522628 12.955329131143253
33.17822733957948 7.487801526996323 12.731511849458716 12.95891396312444
33.18031195437166 7.4728161324796645 12.744831454769088 12.9626643671229
33.18243587393638 7.4581296920755245 12.757921321350322 12.966384860510534
33.184559118168345 7.444327711974481 12.770195853288163 12.970035552905692
33.1868203106808 7.4296550975713185 12.783408682902271 12.973756530207185
33.18903297335477 7.41703394088143 12.794638838573375 12.977360193899981
33.191359665510035 7.40350436836315 12.806844066536945 12.981011230609937
33.19378861647483 7.389687967609713 12.819402617120927 12.984698031744184
33.196193433634875 7.3771341878290535 12.830765623654273 12.98829362215154
33.19870949393264 7.363826520653046 12.842947678147942 12.991935295131633
33.201282645391075 7.3508381674412036 12.85487589452482 12.995568583425065
33.20393885401854 7.338205437115882 12.86651348634657 12.999219930556077
33.206643192898554 7.325208218665837 12.878579602577712 13.00285537165498
33.20943189129819 7.312504007603449 12.890416806007927 13.006511077686799
33.2121959253998 7.301551013869232 12.900566887134422 13.010078024396147
33.21506172126996 7.289748838089357 12.91162856142942 13.013684321751205
33.218018996369445 7.277173314197066 12.92352538881899 13.01732029335339
33.22109254954594 7.2649620555826 12.935120218917245 13.021010275046102
33.22410432252774 7.253469307550646 12.946058148745355 13.024576866231728
33.22723332885583 7.242775092901679 12.956258789632686 13.028199446321477
33.230424401614464 7.231190893755685 12.967409497273136 13.031824010585638
33.23370581392755 7.22035661483389 12.97787060810676 13.035478590986882
33.23702027867703 7.209489306439021 12.988424251141957 13.039106721096045
33.24043606374832 7.198635464396125 12.9990234793123 13.042777120039872
33.2438623399053 7.187465580440986 13.009997179058432 13.046399580405883
33.24738274071337 7.177542367018836 13.019782926587226 13.050057447107298
33.25097586337232 7.1668296438108 13.030415505864532 13.05373071369698
33.254615498327496 7.156883085899119 13.040339585164638 13.057392827263733
33.25835731707674 7.147167272531437 13.050089934749614 13.061100109795683
33.26210303245777 7.136467618886052 13.060879798323358 13.06475561524837
33.26595345733511 7.126779937907406 13.07071430647838 13.068459212949321
33.26985459959604 7.116540322830314 13.081156002122198 13.072158274643519
33.27378952005969 7.1069644753787 13.090989362778659 13.075835681902316
33.26974407373335 7.113694603061729 13.08400186936515 13.072047601306467
33.26583836351874 7.123991394229253 13.073502553088481 13.068344416200995
33.26201968970955 7.133677138450098 13.063670217448175 13.064672333811249
33.2582560562009 7.143212089146146 13.05404490973792 13.060999057316836
33.25458276264319 7.153888534490945 13.043333938507352 13.057360289644889
33.25095467331703 7.164084852337227 13.033160327512265 13.05370949346753
33.24735552084799 7.174398992900864 13.022926241869751 13.050030286077362
33.24386386230138 7.184652615575258 13.012810510070251 13.046400736655858
33.24042435623719 7.19736852862444 13.000289924498652 13.042765903114093
33.23704182837203 7.206732502926429 12.99118083389291 13.039128491552685
33.233735212616196 7.217338487906218 12.980888732311511 13.035507992398472
33.230429312173094 7.229140607387229 12.969459633925009 13.031829070860878
33.22731907456367 7.239101740031156 12.95993245024111 13.028284884291397
33.22419009208162 7.250800487896272 12.94872730148661 13.024662302698744
33.22110281108722 7.26253919090963 12.937543299552079 13.021020320625512
33.2181386375651 7.273939923009845 12.92675896751062 13.01743974704464
33.2151892941113 7.286133605598165 12.915243234806777 13.013812453706347
33.212330855022834 7.297782357835126 12.904335292732005 13.010213204455695
33.20948894497099 7.31072941489507 12.89219136176201 13.006568168313917
33.2068000860977 7.322273919091358 12.881514089166641 13.003012077839697
33.20408603293302 7.335664700697016 12.869053666915692 12.999367665320323
33.20151938799623 7.34743940316849 12.858274466862643 12.995805517965112
33.19889484311086 7.360900102485508 12.84587351035646 12.992121230268912
33.19646245159051 7.373248890550264 12.834650310087488 12.988563250952762
33.19406127496206 7.385952777670838 12.823137908260197 12.984970589031045
33.19163589785158 7.3998951444501175 12.810452711633356 12.981288041768122
33.189347128088905 7.413114727087548 12.798557623322267 12.977674777679074
33.18707275224492 7.427143944721717 12.785919868828119 12.97400893869509
33.184895521703446 7.440865643091819 12.773657666824937 12.970372211786673
33.18269953975142 7.455312943125797 12.760737883624 12.966648713001627
33.18068404831322 7.469228426158417 12.748418899383429 12.96303672277138
33.17865531048803 7.4835644592695605 12.735748507329525 12.959342343888942
33.176668601384314 7.498424174403488 12.72262380257631 12.955620624404537
33.174727316774 7.513597694819963 12.709255232075218 12.951874389878816
33.17281860049485 7.529311457424513 12.69541672497742 12.948090418092942
33.17105011452385 7.544019414386233 12.682655421978877 12.94437527815874
33.16927962398705 7.559578772987681 12.66911360845194 12.940587242547425
33.167530172263206 7.575476361034287 12.655305035307023 12.936748775921902
33.1658302746897 7.591811688228874 12.641130359854158 12.93288822660665
33.16413272283714 7.608569926606805 12.626604784720474 12.928958011509852
33.16252113081077 7.6248807318609115 12.61259941121999 12.925040987729872
33.16091110208565 7.641997403880962 12.597860294990086 12.921053403214602
33.15934034849396 7.659379521266889 12.58292839451108 12.917032432716
33.157734341705336 7.677438768140653 12.567391794891986 12.91290377867272
33.15630902096241 7.694459440386178 12.552967443688985 12.908882136887257
33.15473525323488 7.713127900563949 12.536966912720072 12.904640439950871
33.1528636608268 7.734067315902009 12.518767282893073 12.900029062031722
33.151636645384194 7.7511563457938495 12.504491788167496 12.89598851142285
33.15005383416286 7.770807513336063 12.487725204721674 12.89152111610514
33.1485561809916 7.790301612323548 12.471187338348612 12.887067230319433
33.147026510425135 7.810303241341526 12.454212571462616 12.882510697621015
33.14536435288675 7.8313891412988035 12.436222984968067 12.877752226619899
33.143881627215094 7.851635542249483 12.419142656907768 12.873103428057835
33.14227358855511 7.8727729448818105 12.40123878043058 12.868261863242708
33.140475047555185 7.8951786435891735 12.3821322501884 12.863164153777609
33.13882277753046 7.916811120614641 12.363864548500153 12.858147108415661
33.1368539707526 7.940316948395751 12.343784951781235 12.852752070575605
33.134872129721096 7.963715215431618 12.323873715376262 12.847283198913228
33.132975962181824 7.986922672798754 12.30421142191916 12.841841867463911
33.130643999835854 8.012195208870908 12.282537154898119 12.835911636066816
33.128291012465255 8.037349147220462 12.261032886311664 12.829908978933132
33.125909199391906 8.062646393646942 12.239432154886732 12.823830650858229
33.12320889888703 8.089223071389103 12.216593267218792 12.81739256027912
33.120465809342285 8.115772744407279 12.193818181916289 12.81087488301873
33.11730659346673 8.143832731330928 12.16956220815868 12.803911653977108
33.11428031735894 8.170895241233582 12.146327928561329 12.797057147564022
33.11084544610537 8.199350316199759 12.12171559393976 12.789779535965865
33.10697216252225 8.229150007545924 12.095764064779877 12.782058090196442
33.10300115314197 8.258763844832734 12.069995299463399 12.774242008845837
33.09868538617588 8.289169911470202 12.043419346328886 12.766096128376809
33.09403874658447 8.319983308634079 12.016409381841049 12.757646056109335
33.089386335046896 8.3502247908713 11.98993253010035 12.749229014075235
33.08432518635859 8.381052786858598 11.962815556089764 12.740456843410236
33.07888529348183 8.412368148512734 11.935143011797964 12.731374133171132
33.07318973710086 8.443519523921818 11.907552198312105 12.722118014866941
33.06740479240689 8.474077830359931 11.880457748111429 12.71286921393554
33.061697929724644 8.503090353894077 11.854799358586444 12.703808217244134
33.055466927729526 8.532796520016783 11.828321208188237 12.694349199524511
33.04946698716906 8.560504278627835 11.803707053497336 12.685255655043889
33.0433941249451 8.587284929867838 11.779874094475517 12.676235100601728
33.03744492106399 8.61241213540077 11.757541855419811 12.667490930243423
33.03168103469324 8.635831266840489 11.736759808070781 12.659089959781966
33.025900240216146 8.658178774576522 11.716887358604627 12.65083410703502
33.02043344885513 8.678513504730502 11.698867064571962 12.643052879552652
33.015249847336314 8.696962277700408 11.682573963748778 12.635713605887101
33.01025895907393 8.71398524853061 11.667550873177449 12.628722837365867
33.00549641310346 8.729441525223223 11.653945026485928 12.622109861394309
33.00109072871927 8.743228044018476 11.641867095717467 12.615995588983326
32.99703074773329 8.755347766815044 11.631323167602845 12.6103598133154
32.99320403197822 8.766299934336866 11.62182222158036 12.605081876060972
32.989695040686186 8.77587606722852 11.61358411699974 12.600234856457922
32.98651766970645 8.784227366224208 11.606468418695584 12.59582188478665
32.983583521982794 8.791681358646501 11.60015765587862 12.591744507457687
32.98115756867524 8.797735536382765 11.595168288509237 12.588253743783234
32.97899811620907 8.802949977271554 11.590950835831528 12.585097303105982
32.97713930834819 8.807386456953754 11.587454135674196 12.582298715720238
32.97561047542106 8.811036376602077 11.58469910533524 12.579874993483724
32.974476234671464 8.81394263822953 11.582655227743475 12.577878368698459
32.97370382727108 8.8161877259341 11.581250656172056 12.576265445164925
32.973315123046326 8.817811790510419 11.5804562120256 12.575047120510336
