40.62637720215487 7.962557497095943 14.780431556637609 17.88338814842129
40.62382303082837 7.961733741506586 14.78119179174757 17.880897497574193
40.62183913125335 7.9611203662204595 14.781805392569865 17.878913372463053
40.62119528413326 7.960766782887441 14.782222176561802 17.878206324684008
40.62246256684587 7.960717953755907 14.782393436991208 17.87935117609875
40.625239209843365 7.960909315114087 14.78238323686225 17.88194665786702
40.63082518523143 7.961512001256982 14.78201503589336 17.887298148081037
40.63724024340829 7.96227096941128 14.781544484646558 17.89342478935046
40.64670892655732 7.963499833962924 14.780646268504395 17.90256282408998
40.65528806465544 7.9646839199742425 14.779699305576655 17.910904839104518
40.65896482487409 7.964470960951646 14.780002553303746 17.914491310618697
40.66636847394232 7.964585204731747 14.78007578904555 17.92170748016502
40.67547892152825 7.96476572282945 14.780139312572038 17.930573886126783
40.68570561019292 7.964943607778758 14.780247970614598 17.940514031799577
40.69672157174235 7.965095599522302 14.780425055325832 17.951200916894237
40.70838172555215 7.965179526669326 14.78069593890111 17.962506259981758
40.72041234674583 7.965181224786727 14.781081588730107 17.97414953322901
40.73290141110968 7.965103425529995 14.781571068205446 17.98622691737424
40.745774599341004 7.964939250999155 14.782169944843341 17.998665403498478
40.75896321295214 7.964683057748131 14.78288302428824 18.011397130915785
40.77186498873889 7.964268662703656 14.783781653809982 18.02381467222522
40.78585029872751 7.963866180040328 14.7846832152412 18.037300903445953
40.799213417855995 7.963261524980577 14.785811226022698 18.050140666852716
40.81268095078309 7.962554307920386 14.7870614394812 18.063065203381495
40.82931245309339 7.962263338796158 14.78787058927824 18.079178525018996
40.84251212870922 7.961563799399031 14.789140627510882 18.091807701799333
40.85453432863303 7.96078201422932 14.790514591332471 18.103237723071235
40.8657899378613 7.95990044096647 14.792006452189352 18.113883044705517
40.87314890166802 7.9594511129311005 14.79307444458976 18.120623344147152
40.98493543100305 7.98628110944006 14.766648281919702 18.232006039643302
41.048342846116164 7.992976598726038 14.760500950363188 18.29486529702695
41.120766276246506 8.000446115435569 14.753570603104492 18.36674955770644
41.18459733102409 8.006014596798295 14.748540119926991 18.430042614298827
41.25614153614571 8.012304147814676 14.742777567272855 18.501059821058156
41.32875865237001 8.018326563857775 14.737273152047903 18.573158936464353
41.40415460653355 8.024354677283366 14.731752231624789 18.648047697625426
41.481844541363515 8.030327371671074 14.726275131932425 18.725242037759973
41.56027618289673 8.036041939247134 14.72104418465767 18.803190058991923
41.638274458100014 8.041346049688563 14.71621113441344 18.88071727399799
41.71860678148724 8.046633408668098 14.711380409103812 18.960592963715314
41.80359985114933 8.052202073110948 14.706252406320457 19.045145371717933
41.88380078901045 8.056818840931893 14.702062330577904 19.124919617500666
41.97088394214173 8.06200866152455 14.69728096859158 19.21159431202565
42.05904571002699 8.067014965363128 14.69266597742255 19.29936476724133
42.141159336417125 8.070946311442903 14.689109768011406 19.38110325696281
42.228699779944456 8.075247832765253 14.685163764272856 19.468288182906363
42.32354118743489 8.08013644520051 14.680609690896945 19.56279505133743
42.4130114189119 8.08406960207895 14.676992716227785 19.65194910060513
42.50500475956623 8.087995309754294 14.673362449230956 19.74364700058098
42.6014097969452 8.092139128763295 14.66949224468894 19.839778423492945
42.69601639381065 8.09577057056423 14.666113490070808 19.934132333175615
42.78802193384018 8.098805891198584 14.663309770441632 20.02590627220005
42.89353368321302 8.10306137426535 14.659260535939488 20.131211773008182
42.98713228052025 8.105699287135394 14.656808763985092 20.224624229399723
43.08679204120783 8.108704226458322 14.653965638791181 20.324122175958333
43.192652334547404 8.11207130339984 14.650735538905861 20.429845492241718
43.292620166347916 8.11452303318111 14.648398254292665 20.529698878874168
43.396851718695146 8.11713152055124 14.64587913755175 20.633841060592154
43.50279517984997 8.119613472734018 14.643461808027425 20.739719899088552
43.61214581198697 8.12214267758576 14.640971767023638 20.849031367377584
43.720999144228294 8.124324678246259 14.638804098669175 20.95787036731286
43.831160875926926 8.126340282299306 14.63677743447444 21.06804315915317
43.940289320832754 8.127971492319242 14.635110035015083 21.177207793498447
44.05580629488076 8.129891493731613 14.63312710898389 21.292787692165298
44.16852052440257 8.13127610579685 14.631654466212746 21.405589952392962
44.28198764780066 8.132446966666395 14.63036975438805 21.51917092674617
44.401470964008475 8.133837950475364 14.628837961425933 21.6387950521072
44.51681377734375 8.134608333574057 14.62790171657266 21.754303727196994
44.63993711890567 8.135715122922049 14.626601864880234 21.877620131103335
44.75486407560768 8.135916187175752 14.626183427216484 21.992764461215433
44.87782576425652 8.136462366253477 14.62539275817169 22.115970639831378
44.99880325034196 8.136589736611478 14.624995592804245 22.237217920926252
45.12449718285666 8.136785655538356 14.624503590937298 22.36320793638106
45.247701246238655 8.136548278739907 14.624420095116012 22.486732872382767
45.376380677155296 8.136407540365756 14.62421382346631 22.615759313323228
45.49789983387911 8.135560742443836 14.624690256864248 22.737648834571
45.62573547781448 8.134876975073826 14.62497803505306 22.865880467687543
45.75407135059001 8.133972743667817 14.625462007687135 22.994636599235047
45.8870777255871 8.133093631114603 14.625896181821968 23.128087912650518
46.01418141741884 8.131633551817993 14.62688910523494 23.255658760365932
46.14546851973111 8.130188326804344 14.627843550325277 23.387436642601482
46.27705358243804 8.128517651558573 14.62900090198 23.519535028899455
46.410146846075925 8.126702789484542 14.63028032924834 23.653163727343053
46.544393387445744 8.12472454905141 14.631701643731683 23.787967194662635
46.67203906477613 8.122249803371425 14.633600217483284 23.916189043921396
46.810927117985266 8.120069739420758 14.635181740971293 24.05567563759322
46.94402508180774 8.117424969567944 14.63720973460184 24.189390377637967
47.07428561392595 8.114495343670981 14.63950460382189 24.320285666433087
47.20601660190183 8.111469999742164 14.641877136988118 24.452669465171525
47.34505962027468 8.108505412446158 14.644169906147063 24.59238430168148
47.4807901721221 8.105243061033176 14.646744747336815 24.7288023637521
47.615092772354764 8.101768890702091 14.64951615916782 24.86380772248483
47.74628674810434 8.098048689856974 14.652519481331035 24.995718576916364
47.87809682894313 8.094209487041887 14.655627765584839 25.12825957631636
48.01917548750559 8.090493274491056 14.65859784256105 25.27008437045351
48.14691166794749 8.086242235857387 14.662093212609177 25.398576219480933
48.283641502201306 8.082127412403716 14.665439054902041 25.53607503489553
48.411285367509784 8.077666132494386 14.669122833656065 25.66449640135938
48.54682411377175 8.073275645354695 14.67272413769337 25.80082433072369
48.67513239182021 8.068623858707712 14.676579547633347 25.92992898547919
48.80456150250046 8.063884980767744 14.680513561167814 26.06016296056492
48.76006190772087 8.070885112978942 14.674311077292861 26.01486571744907
48.66052651326673 8.075672177588158 14.670325162420847 25.9145291732577
48.52994287008005 8.079925149468343 14.666863204874781 25.78315451573699
48.39216461328866 8.084177679285343 14.663389429168904 25.644597504834454
48.258452625681976 8.08848825171059 14.659847446164967 25.510116927806386
48.124540847123406 8.092667511160384 14.656425396824508 25.37544793913852
47.99055093618448 8.096721979866476 14.65311592176883 25.240713034549188
47.85049438784086 8.10046909305536 14.650099246250143 25.09992604853532
47.71153452090075 8.10410759268412 14.647177466286987 24.960249461929664
47.57868255708753 8.107770423881155 14.644217992322385 24.826694140883955
47.44361488540605 8.11119687487954 14.641478873821146 24.6909391367054
47.3076797529381 8.114420803309045 14.638925686603743 24.55433326302533
47.17306680173215 8.117525524211377 14.636474724587798 24.419066552932993
47.03627053258663 8.120367373150517 14.634268132254833 24.281635027181245
46.90233181487692 8.123133343257123 14.632119263966562 24.147079207653213
46.76810183318699 8.125691607783107 14.63015856402009 24.012251661383807
46.634140602941365 8.128060377900836 14.628367234133245 23.87771299090729
46.49427298950586 8.129965732358258 14.627017099370581 23.737290157777057
46.36197889334366 8.132003976212573 14.62551415302183 23.604460764109277
46.23543736580301 8.134093318990004 14.623939351100521 23.47740469571249
46.09525066513172 8.135279806119923 14.62324188412214 23.336728974889667
45.972169479039664 8.137127564309148 14.621863492388838 23.213178422341674
45.839179196509455 8.13820613167706 14.62122865570471 23.079744409127724
45.70575930659726 8.13902728531469 14.620826942904372 22.945905078378164
45.58248266259732 8.140199253256222 14.620051949460917 22.82223145988016
45.4518691370087 8.140674315799272 14.619947646322274 22.691247174887142
45.32525808466391 8.141143153626897 14.619825161721314 22.564289769315682
45.20218037995299 8.141596541478842 14.619693288722 22.44089054975214
45.07545206440745 8.141540258151187 14.620044756124976 22.313867050131336
44.95074407602591 8.14135370278654 14.62050100905769 22.188889364181705
44.83239701010427 8.141355689398898 14.62074385570997 22.070297464995445
44.7055321197799 8.140454324118648 14.621862366568365 21.943215429092938
44.589074432377174 8.14006144808159 14.62244799673618 21.82656498755942
44.47075538823658 8.139245228738865 14.623430419286745 21.708079740210966
44.35567818485729 8.138413955026122 14.624402182812878 21.59286204701827
44.23855105289039 8.13713296457953 14.625797055281605 21.47562103302927
44.128190070086895 8.13613785592136 14.626881054787303 21.365171159378242
44.01294688222013 8.134439868680497 14.628640911327572 21.24986610221206
43.90384130998472 8.132994030679018 14.630123757885315 21.14072352142036
43.79287216965088 8.131093282660784 14.632035320824137 21.02974356616598
43.68374519760691 8.129069846969546 14.63404424754867 20.920631103088677
43.577879966781104 8.127061780878849 14.636012960098217 20.814805225803987
43.47249988905084 8.124812019823679 14.638198249253804 20.709489619973372
43.3669797427969 8.12225108647897 14.640669685363864 20.604058970954032
43.26402429377354 8.119647173439043 14.643159933834868 20.501217186499606
43.15918734371873 8.116546277807 14.64612239978147 20.39651866613027
43.062553842005066 8.114011549781312 14.648496363240492 20.30004592898329
42.962005302610365 8.110767316842121 14.65155539774284 20.19968258802544
42.864608069017365 8.107562582302684 14.65455233400875 20.10249315270595
42.768664770328115 8.104216650888386 14.657667928613817 20.00678019082591
42.67239453119232 8.100533765002183 14.661098041779724 19.910762724410457
42.57816263868626 8.096768202537902 14.664589267341423 19.816805168806937
42.48374392804388 8.092674272395035 14.668387417149859 19.72268223849895
42.39720108192334 8.089217211431578 14.671529677980983 19.636454192510733
42.30459457206271 8.084731697819862 14.675678685815711 19.54418418842714
42.2154878192373 8.08035428363637 14.679700657771736 19.455432877829246
42.12965389352199 8.07607050964064 14.683610676057807 19.36997270782357
42.04489733259736 8.071619174457513 14.687670100496044 19.28560805764381
41.96365598965476 8.067310088089581 14.69157047220685 19.204775429358346
41.882110108389604 8.062653563824878 14.695801218399438 19.123655326165316
41.802854679313924 8.057990527247666 14.700022894262844 19.044841257803423
41.72069265092387 8.052606878269726 14.70494866753373 18.96313710512044
41.649385763910374 8.048375387990099 14.708710925133424 18.89229945078683
41.57248436818296 8.043062012893156 14.713539510976181 18.815882844313634
41.4990650771785 8.037893549344933 14.718211235026004 18.742960292807567
41.4284037249317 8.032783936594727 14.722813040923304 18.672806747413656
41.358679304765644 8.027464599984217 14.72761374651299 18.603600958268437
41.291916381061085 8.0222269007313 14.732323725547397 18.53736575478239
41.227002238233275 8.016906152899347 14.737108372448043 18.472987712885885
41.166128937172886 8.011828690297806 14.741643404366902 18.41265684250819
41.10702170091645 8.006644262395046 14.746279182184624 18.354098256336755
41.04880618548528 8.001190940704664 14.751178204399544 18.29643704038107
40.99559459778582 7.996108974187887 14.755703524543101 18.24378209905483
40.94502485790122 7.991003505809478 14.7602500937076 18.193771258384157
40.89795911745934 7.985974039850532 14.764719980790693 18.147265096818103
40.8578090110899 7.981644762338655 14.768493370799739 18.107670877951538
40.82209115171649 7.977543787120585 14.772042181563751 18.072505183032167
40.79456629487892 7.97455129923852 14.774493344109112 18.045521651531278
40.77122201250758 7.971844909823816 14.776667952490063 18.02270915019368
40.75415318015373 7.970204607980075 14.777794431768077 18.00615414040564
40.740484279004676 7.969177000638941 14.778327524598922 17.99297975376679
40.728510175184866 7.968299522104921 14.778728967510114 17.981481685569825
40.719077317792916 7.96811079626179 14.778466482542363 17.972500038988727
40.70952260430248 7.967839467671517 14.778308341727017 17.9633747949039
40.700368421899206 7.967590689900704 14.778150834335422 17.954626897663125
40.69284785450591 7.967686606792389 14.777674684241557 17.947486563471955
40.68306420333612 7.967201135730647 14.777802565797083 17.938060501808422
40.675871998404794 7.9671855374501765 14.777488475733506 17.931197985221065
40.666986133553586 7.966722283421249 14.777647138868533 17.922616711263792
40.660083366436794 7.966561346129694 14.777532394527585 17.91598962577949
40.651148078444436 7.965855588594578 14.777988412393025 17.907304077456846
40.64509892364354 7.965606980077411 14.778018423164749 17.90147352040136
40.63776700068038 7.964929842441583 14.778504620697815 17.894332537540972
40.63232285652577 7.964472449606599 14.778802535001955 17.88904787191722
40.62796298217404 7.964030974007795 14.779115840055733 17.88481616811055
40.62446375107472 7.963522102834198 14.779527574279138 17.88141407396139
40.622641214205736 7.963101686962497 14.779883386732616 17.87965614051059
40.622787143242725 7.962777244519175 14.780176134372223 17.879833764351346
40.62539637128321 7.962665472646154 14.780291145629683 17.88243975300734
40.6306485885478 7.9627269231616555 14.780267613871413 17.8876540515147
