58.535137812053605 11.94775238224521 31.381063682635844 15.206321747172527
58.53495568002799 11.94797115698448 31.38109939687006 15.205885126173431
58.53538112962682 11.948487003905372 31.381122063699653 15.205772062021829
58.53639992156549 11.949295651234994 31.381130866648398 15.205973403682123
58.538003237715564 11.950388272726666 31.381129099224182 15.206485865764757
58.540181343742205 11.95176124182415 31.381115687040953 15.207304414877072
58.542915751356006 11.953409007174947 31.381089741366377 15.208417002814636
58.546215493180625 11.955325404516753 31.381054202186014 15.209835886477858
58.55006355256042 11.957502498233234 31.38101170655979 15.211549347767379
58.55445702172962 11.959936576411852 31.380960348460533 15.213560096857249
58.55936481229858 11.962621277816206 31.380901588583818 15.215841945898564
58.564810283130086 11.96554784249652 31.380839831360216 15.218422609273365
58.57072693120405 11.968719062700368 31.380766189860772 15.221241678642928
58.57719677454336 11.972118683683581 31.380693254048342 15.224384836811485
58.58410481885099 11.975757562973598 31.380605624076782 15.227741631800658
58.591547780293226 11.979592405192365 31.380540075484685 15.231415299616183
58.59944070891463 11.983665951312862 31.38045033281756 15.235324424784151
58.60776219769695 11.987945400310629 31.38036535431319 15.239451443073113
58.61659744335583 11.99241859792997 31.380291238054046 15.243887607371763
58.62583889120261 11.99709875821584 31.380211065424877 15.248529067561865
58.63551421890152 12.001979326713858 31.380126447613783 15.253408444573935
58.64563396448581 12.007052132036018 31.380041527427974 15.2585403050219
58.65615548822233 12.012287574098485 31.379981687647163 15.263886226476641
58.667149569260985 12.017676138194458 31.37995184294515 15.269521588121494
58.67843677777107 12.023297903709494 31.379867718533262 15.275271155528351
58.69018053193208 12.029053367087913 31.379824413532923 15.281302751311282
58.70233919559879 12.034965239655003 31.379792903328386 15.287581052615451
58.7148470989575 12.04102690653725 31.37977979096915 15.294040401451062
58.727854286783604 12.047201263254628 31.379808788842027 15.300844234686966
58.74285118976923 12.053035214036724 31.380193701984933 15.309622273747554
58.75909948295639 12.058707307894899 31.380803018527153 15.31958915653432
58.774329799594234 12.064857105378785 31.381187059100355 15.328285635115096
58.79006340332819 12.07106070373121 31.381639891208703 15.337362808388306
58.80617825796715 12.077348790295416 31.38213770501973 15.346691762651957
58.822195533061915 12.083842339951666 31.382595736019884 15.355757457090398
58.83849241213115 12.090436506677015 31.383084262797652 15.364971642656482
58.85492481075256 12.097162590173186 31.383580376260706 15.374181844318686
58.871742128197056 12.103954578749264 31.384126460036953 15.383661089410865
58.888615304713795 12.11088623861212 31.38467195591736 15.39305711018433
58.90572518423412 12.117908555397861 31.385247930505155 15.402568698331049
58.92321832209285 12.124984663177433 31.385876391834454 15.412357267080928
58.94072055019032 12.132192316464764 31.38650584264254 15.422022391083015
58.958551578774916 12.139454691854844 31.387184925707896 15.431911961212096
58.976639165887114 12.146786182111045 31.38790183304727 15.441951150728764
58.99485369425248 12.154209191863183 31.388641018419516 15.452003483969758
59.013376104824346 12.161677984930801 31.389431680884773 15.462266439008795
59.03203934378801 12.169229833907 31.39024607742699 15.472563432454004
59.05094666043272 12.176831401925403 31.39110726141403 15.483007997093317
59.07000354391042 12.18451116961263 31.391990610140567 15.493501764157227
59.08930721828866 12.192224381619408 31.392931929228094 15.504150907441113
59.10897801681128 12.199949293828576 31.393941654093684 15.515087068889029
59.12866103993997 12.207794092658949 31.39493352946324 15.525933417817832
59.14849971442027 12.215702918501039 31.39595129678308 15.536845499136101
59.168641449871814 12.223559830416614 31.397100066397613 15.547981553057603
59.18889451957669 12.23154118753712 31.398211757760016 15.559141574279579
59.209362893532955 12.239523496339489 31.399402427798016 15.570436969395466
59.22998940775785 12.247578135122259 31.400601656119804 15.581809616515796
59.25085051609568 12.255594200459646 31.401913951029012 15.593342364607084
59.271858801595286 12.263700987108082 31.403213243161314 15.60494457132596
59.29305243621994 12.271819488946045 31.404574563319663 15.616658383954242
59.314394829346604 12.280000714860565 31.405947191278692 15.628446923207338
59.335930350371385 12.288158811530181 31.407412721817398 15.640358817023845
59.35761615396701 12.296377793740046 31.40888816900104 15.652350191225965
59.379498120715574 12.304555649617589 31.410470775731792 15.664471695366215
59.4014957383562 12.312873330480764 31.41198358388143 15.67663882399394
59.423670104639285 12.321129296539226 31.413622428982308 15.688918379117746
59.445973827088665 12.329521124436868 31.415192005706373 15.701260696945456
59.46845326392472 12.337759804981511 31.41697550393762 15.713717955005563
59.4910731688866 12.346130258808188 31.418690805838185 15.726252104240173
59.513831392637925 12.354460056574057 31.42050684679653 15.738864489267321
59.53673689327721 12.362864270850485 31.422309252024643 15.75156337040207
59.55978442384397 12.371267633888875 31.42417131766799 15.764345472287133
59.58296922181946 12.379635467337947 31.426126121981063 15.7772076325004
59.606295484033204 12.388125121316833 31.428017327539926 15.790153035176498
59.62974390653248 12.396467390105448 31.430110181922682 15.80316633450441
59.653333768878525 12.40495157893462 31.432117685272992 15.816264504670922
59.67705225226081 12.413359701449084 31.43425459165215 15.82943795915963
59.700890751895614 12.421802285826633 31.436410743415063 15.842677722653933
59.724868466942475 12.430345055094891 31.43852025164152 15.85600316020602
59.748976954529425 12.438811296401399 31.440757595978226 15.869408062149834
59.77319706824644 12.447281588195487 31.44304191332783 15.882873566723148
59.79753012501904 12.45574608785832 31.445382288633535 15.896401748527138
59.82197965911191 12.464215885885523 31.447767099652303 15.909996673574087
59.84656860170867 12.47276955186295 31.45011782877314 15.923681221072577
59.87124450306207 12.481180416200996 31.45265873323851 15.937405353622543
59.8960602568892 12.489726816269377 31.45511281547021 15.951220625149627
59.92098759353662 12.498201076949467 31.457685853028256 15.965100663558916
59.94602286164421 12.506707078947045 31.460273906696262 15.979041876000903
59.971162535839724 12.515173743976458 31.462947086733386 15.993041705129778
59.996414740341436 12.523689405954315 31.465617108223473 16.00710822616369
60.02178838727207 12.532145328768946 31.468391479987407 16.02125157851571
60.04726483052472 12.540649642129052 31.471162070330628 16.03545311806506
60.07283500195396 12.549079782551974 31.47405040528158 16.049704814120442
60.09851041659166 12.557534728569825 31.476957378770454 16.06401830925133
60.12431203575184 12.566040196935907 31.479857144634348 16.07841469418153
60.150223881907166 12.574369345855345 31.482974908215315 16.092879627836528
60.17616568050231 12.582785103786998 31.486047845368162 16.107332731347167
60.20223935638161 12.591191921108491 31.489171330426725 16.121876104846375
60.22847071362559 12.599685729534691 31.492249605869315 16.13653537822166
60.25475202019676 12.607932300212598 31.49561453527876 16.151205184705447
60.28110800168524 12.616253715824374 31.498944355921704 16.165909929939158
60.25468591955869 12.607344151433823 31.496200137070645 16.151141631054287
60.2282087507391 12.598883502556806 31.493048054330867 16.136277193851356
60.201706011554855 12.590829498153434 31.4895296726405 16.121346840760914
60.17549451273539 12.582407140280214 31.486421220174144 16.106666152281065
60.14941999751026 12.573944473682117 31.483394839242834 16.09208068458533
60.12347108135005 12.565541615357123 31.480350428663336 16.077579037329592
60.097659525731416 12.557016053052665 31.47747165375293 16.063171818925866
60.071931941873444 12.548615481029602 31.474510413079372 16.04880604776442
60.04633850107894 12.540068770573932 31.471739426726376 16.034530303778663
60.02085635595622 12.531547517664652 31.468986821908214 16.02032201638337
59.99546901085765 12.52311595389019 31.466188627658514 16.00616442930897
59.970215954043006 12.514674255660454 31.463445442996903 15.99209625538563
59.94508089921901 12.506072320740445 31.46090877805534 15.978099800423252
59.92006038148464 12.497572257711834 31.458315924382187 15.964172199390605
59.89519507167341 12.489175351965343 31.455665386397715 15.950354333310417
59.870411656810056 12.480605888953095 31.453235955418467 15.936569812438483
59.84574067887176 12.472075905171243 31.45081475281289 15.922850020887589
59.82118761521738 12.46359897837153 31.44838834185026 15.90920029499565
59.79678920057658 12.455150891178404 31.44598162896347 15.895656680434708
59.77250515217112 12.446663517048156 31.4436641634638 15.882177471659208
59.74834291342218 12.438199636952747 31.441373409141914 15.868769867327433
59.724307602808764 12.429723499986409 31.439145990647376 15.855438112174992
59.70041161143378 12.421272859298009 31.436944716776033 15.842194035359755
59.676637943427025 12.412811043436177 31.43480694294981 15.829019957041016
59.65298273098429 12.404399422201434 31.43267202210332 15.81591128667955
59.62946741491492 12.395967107334528 31.43061207925346 15.80288822832692
59.60608378406462 12.387529348368789 31.428612611182285 15.789941824513491
59.5828503661553 12.37911360552945 31.426646957283737 15.7770898033421
59.559718712533375 12.370723859562151 31.42471167867345 15.764283174297766
59.5367713258235 12.362383705239573 31.42278390871772 15.75160371186621
59.51394130423083 12.353964197792704 31.420995355164372 15.738981751273803
59.49126460953329 12.345657820186826 31.41915211334667 15.72645467599978
59.46874025954409 12.337352177358136 31.417368976118805 15.714019106067106
59.44636659363825 12.328979146585771 31.415716176245642 15.701671270806807
59.424124219106126 12.320704957549307 31.414026755826168 15.6893925057307
59.40205368761411 12.312469658819992 31.412362192012385 15.677221836781738
59.38013114541988 12.304168510253493 31.410830133801703 15.665132501364717
59.35837443028649 12.29597893752671 31.409252190592813 15.65314330216702
59.336792532280285 12.28779964156104 31.40773214461425 15.641260746104994
59.31536101984912 12.27960836091275 31.406294164261862 15.629458494674468
59.29409627098278 12.271398375132375 31.404946662806445 15.617751233043963
59.27301145194733 12.263284175847199 31.403575223435904 15.606152052664216
59.25210301451007 12.255237489444692 31.40220953489177 15.594655990173667
59.23137824672787 12.247199964322217 31.400910805318215 15.583267477087434
59.21083169884459 12.239176412514672 31.399675681867752 15.571979604462156
59.19047896781908 12.231155466131712 31.398517795996593 15.560805705690798
59.17031501846644 12.22319822283518 31.39737694824993 15.549739847381302
59.15034667611842 12.215285160287078 31.396274768497676 15.538786747333743
59.13057756788241 12.207401254832217 31.39522849528163 15.527947817768537
59.11101244111184 12.19957050343016 31.394215850353785 15.517226087327906
59.09166080890245 12.191737191693472 31.393295596957383 15.506628020251561
59.07250930116806 12.184053942519222 31.392314702103924 15.49614065654491
59.05358409224544 12.176376214452864 31.39142230874828 15.485785569044317
59.03489350369372 12.168721085749441 31.390603551801732 15.47556886614252
59.016421055280425 12.16113754410604 31.38981101975306 15.465472491421346
58.998183146943056 12.153612318131591 31.38906067245467 15.455510156356816
58.98017992605862 12.146185454989295 31.388314225893996 15.44568024517529
58.962426463021686 12.138792769223734 31.387639722547103 15.435993971250818
58.94493540672086 12.13145645372543 31.387017319307027 15.426461633688387
58.92768277708451 12.124238245511581 31.386386879158323 15.417057652414622
58.910707802111745 12.117051821159398 31.38583933994912 15.407816641003276
58.89398082113258 12.109982344674936 31.38529065462337 15.39870782183425
58.8775417585386 12.102986767510114 31.384787909043034 15.389767081985458
58.86140274809974 12.09605678368298 31.38434292383677 15.381003040579992
58.84555351428303 12.089228198637523 31.383921774382568 15.372403541262956
58.8299713008568 12.082495719056443 31.383533984443655 15.363941597356733
58.81469237259448 12.075886811496067 31.383154265579115 15.35565129551931
58.799718947957494 12.069372165109918 31.382816049028506 15.347530733819031
58.78510337042154 12.06294697867163 31.382528054928606 15.339628336821267
58.7707729719473 12.05665706424224 31.382247246010948 15.331868661694166
58.75679475525819 12.050478150633525 31.382001754923696 15.324314849700935
58.743150858735426 12.044421381641403 31.381784174832124 15.316945302261875
58.72983652609853 12.038508355805256 31.38157677566724 15.309751394625954
58.71687576663831 12.03273941133893 31.38138306264512 15.302753292654245
58.70435649655714 12.027045378036274 31.38127570298264 15.29603541553822
58.69216852951065 12.021529412909604 31.381155691835378 15.28948342476568
58.68033345546996 12.016169093757323 31.381050334392626 15.283114027319986
58.668941599462975 12.010962075082706 31.380965341607297 15.277014182772977
58.65791959129802 12.00591256185419 31.380900813595975 15.271106215847857
58.64729489633099 12.00102991302439 31.380851984694004 15.265412998612584
58.63709339318982 11.99632320523081 31.38081422294855 15.259955965010526
58.62733451286472 11.99178833065161 31.380796198803218 15.254749983409889
58.61799304919643 11.987443390153171 31.380783517744934 15.24976614129829
58.609130831853975 11.983285189586752 31.38078525525405 15.245060387013101
58.600676480712316 11.979314634987936 31.380803240183056 15.240558605541347
58.59270664703961 11.975562128971243 31.380814409533286 15.236330108535103
58.585210153035966 11.971998541141476 31.38085011922086 15.232361492673624
58.57819760899981 11.968664772939213 31.3808765276141 15.228656308446467
58.571678147214975 11.965541129226242 31.380916548575033 15.225220469413703
58.5656582923816 11.962650595056834 31.38095319808546 15.222054499239361
58.56014983761661 11.960000648659758 31.380984411068358 15.219164777888498
58.55516125421704 11.957585047509454 31.381020229510227 15.21655597719733
58.55070764912972 11.955418479590792 31.381052024031685 15.214237145507258
58.546788064282175 11.953501982626328 31.381083184334194 15.212202897321678
58.54342267462692 11.951849924505087 31.38110568027547 15.210467069846368
58.5406138331448 11.950461669449425 31.381123970145083 15.209028193550257
58.538367790939546 11.949347214621113 31.38113411399183 15.207886462326575
58.53670007250237 11.948513770281595 31.38113440765233 15.207051894568437
58.53562248055988 11.947966465973533 31.381125100360137 15.206530914226153
58.53513564728769 11.947710587009803 31.38110581630952 15.206319243968334
