47.77151984082009 11.956272232750266 20.516816118968613 15.298431489101182
47.77036734520956 11.956239352551462 20.516877312553582 15.29725068010454
47.770206121315866 11.956486719907975 20.516860981235787 15.296858420172114
47.770853356993214 11.956989594604432 20.516787371407673 15.297076390981161
47.772259274535834 11.957738352019359 20.516662235004897 15.297858687511598
47.77431345406524 11.958713685642767 20.516501023442803 15.299098744979656
47.77700234169576 11.959908799895354 20.51630683971458 15.300786702085842
47.780299958909325 11.961314579755804 20.516085157615393 15.302900221538126
47.78416975030965 11.962912822552177 20.515850642472234 15.305406285285288
47.78867940269798 11.964720588051543 20.51558233657205 15.308376478074392
47.79377148135152 11.966770156795553 20.515245478775256 15.311755845780699
47.79926135022951 11.968846602047341 20.515050205744345 15.315364542437866
47.80569839043494 11.971456758789108 20.51448450751133 15.319757124134552
47.81245316501079 11.973907039916167 20.514240568393937 15.3243055567007
47.81961592225282 11.976404484657523 20.51411000656629 15.329101431028977
47.827514166087546 11.979365439213408 20.51366685546649 15.334481871407696
47.836073396068215 11.98261270430065 20.513086881927546 15.340373809840017
47.84577855347353 11.986092875104724 20.512418841114247 15.347266837254619
47.85492449728993 11.98904412091608 20.51243078901034 15.35344958736355
47.86469620181969 11.99260247869833 20.511973398835416 15.360120324285969
47.87518431520117 11.996458336780847 20.511354009732045 15.367371968688298
47.886831758910716 12.000508856588523 20.510669670966095 15.375653231356088
47.89795219624824 12.003863095483252 20.510820844948885 15.383268255816136
47.91060032451606 12.008440448366805 20.50986216616522 15.392297709984023
47.92303356379642 12.012627864149934 20.509421120441896 15.400984579204607
47.93577895107664 12.016918245219209 20.50899784426515 15.40986286159231
47.949165325860804 12.021290543119383 20.50860704746715 15.419267735274298
47.96265272444345 12.025179707521701 20.508820606395126 15.428652410526604
47.976796643084484 12.030236194906367 20.507965423658685 15.438595024519465
47.99243319983383 12.034800405912343 20.507698558957035 15.449934234964452
48.00734822924103 12.039361768769037 20.507545899424663 15.460440561047362
48.02477361835221 12.043843514933409 20.507455639408118 15.473474464010648
48.04254735615375 12.047818877230899 20.507816296741538 15.486912182181314
48.06098164687055 12.051799971087922 20.508221608051763 15.500960067730853
48.07971951230746 12.055893423908364 20.50861266883869 15.515213419560423
48.09912003665401 12.059943192834458 20.509095843252226 15.530081000567312
48.117623225616335 12.064436168580313 20.509366636583206 15.543820420452857
48.13734737799202 12.068697268281921 20.509852035970788 15.558798073739345
48.15725345135637 12.073039485259736 20.510350598173083 15.573863367923565
48.17690993270324 12.07758285981742 20.51078644945853 15.588540623427349
48.198337945479935 12.08177751790581 20.511503688515248 15.605056739058876
48.21757803953498 12.086481148750423 20.51196668432467 15.619130206459893
48.23897083793609 12.091070483566455 20.51256135278762 15.63533900158202
48.26010280870446 12.095657543902453 20.513222770349127 15.651222494452862
48.282223757775 12.100125224878893 20.514021250320706 15.668077282575354
48.30490979122312 12.104541619379733 20.51490576316505 15.685462408678328
48.32604513664112 12.1092223668744 20.515677437062067 15.701145332704566
48.34916166145362 12.11381326645053 20.516567143593328 15.718781251409775
48.37268026853822 12.118337223620564 20.517560696361 15.736782348556675
48.394183801879 12.122839539766852 20.51867223417504 15.75267202793708
48.420354234152136 12.127414608334846 20.51969253375593 15.773247092061384
48.44248098944024 12.131882881986172 20.52092839518241 15.78966971227163
48.4661201304939 12.136475052781009 20.52208177820739 15.80756329950554
48.493668079936555 12.14103394792501 20.52327222738828 15.82936190462325
48.51701788354251 12.145334775516343 20.524800666705847 15.846882441320284
48.543773453432664 12.150145303850902 20.52583881569535 15.867789333886414
48.571548069425745 12.154329800165947 20.527525669030958 15.889692600228798
48.59602915191411 12.158549859030696 20.529242671419457 15.90823662146395
48.6240905219686 12.16325821970306 20.53048820864904 15.930344093616528
48.65195142927452 12.167590803892107 20.532143760718856 15.95221686466354
48.6794317500502 12.171676213722105 20.534081911212485 15.973673625115596
48.70721517416077 12.175852980883775 20.53595943696758 15.995402756309396
48.737630783818034 12.180250856326808 20.537632309761957 16.01974761772926
48.76718249199515 12.18437397599651 20.539610941013812 16.043197574984827
48.79849260386901 12.188443103907808 20.541661914626395 16.068387585334754
48.830427990502514 12.192463082539112 20.543783001294607 16.094181906668783
48.860023790509416 12.196232813863935 20.546188054802474 16.11760292184301
48.89283124834959 12.200427777080451 20.5481785612643 16.144224910004827
48.92643089603377 12.204322235009737 20.55048672115161 16.171621939872352
48.960576851158585 12.208161965517474 20.55286615805475 16.19954872758636
48.99527496611208 12.211950526530822 20.555312211120444 16.22801222846084
49.03049195530199 12.215689369307443 20.557822318752265 16.25698026724229
49.07005055986102 12.219316637550998 20.560444719124117 16.290289203185942
49.10650415416493 12.223008156797489 20.563023912960045 16.32047208440741
49.14558090884012 12.22661802064802 20.565689596767918 16.353273291424145
49.1853007168227 12.23020076976829 20.568390320826033 16.386709626228367
49.230230370210016 12.233710750199837 20.571158723637577 16.42536089637262
49.27140222720017 12.237257580360495 20.573904359777984 16.460240287061723
49.362276098707405 12.242321426277961 20.575037862750037 16.544916809679442
49.44004189199467 12.248328739850205 20.575269373978216 16.616443778166246
49.543672661423486 12.256094064201367 20.573707138620716 16.713871458601382
49.60879327589578 12.26166619536281 20.574370261333623 16.772756819199323
49.84493968475658 12.279141931204633 20.562919189219357 17.002878564332605
50.00990125095367 12.291810243934673 20.556336103433704 17.16175490358534
50.25778671604118 12.310495007114852 20.54364882879802 17.403642880128317
50.4198464920647 12.322385453671101 20.537792327381805 17.559668711011806
50.60424468843891 12.335299674615436 20.530864776629876 17.738080237193607
50.757182294355545 12.345773637762962 20.526360511063512 17.88504814552908
50.90749967831063 12.355683581273988 20.522383270958432 18.029432826078242
51.110803502404046 12.36842327621028 20.515501197716837 18.2268790284769
51.28939517551004 12.379443749602672 20.51031045781423 18.399640968093173
51.44945860557813 12.38900769279865 20.50654016463569 18.55391074814376
51.649737350357086 12.400207569922538 20.501059738684265 18.74847004175027
51.83486396336284 12.41025698044759 20.49668661603278 18.927920366882447
51.99285140122247 12.418598045130123 20.493982858186133 19.08027049790621
52.19954280579637 12.428587738643493 20.489541272333415 19.281413794819446
52.397363485812996 12.437813680353836 20.485808443390237 19.473741362068992
52.595120082977814 12.446542433046348 20.482508018608673 19.6660696313228
52.77050790465366 12.454010863703369 20.480414461333485 19.83608257961686
52.975604404003946 12.461946702897688 20.477763985984733 20.03589371512147
53.16933067526832 12.469161801968315 20.475768363944972 20.224400509355032
53.13188692967792 12.46705099559612 20.472600384412416 20.192235549669366
53.076302433413844 12.463424598320257 20.470959589841474 20.141918245252118
52.93945374366082 12.458451713086315 20.470588472609286 20.010413557965197
52.7750102205208 12.452413830904597 20.471211650547705 19.8513847390685
52.586171683339984 12.444994994948624 20.473133936725187 19.668042751666224
52.383252471040414 12.43652897316217 20.47602850155591 19.47069499632234
52.21444232597406 12.428870921329052 20.4780726428491 19.307498761795898
52.03014653137812 12.420336180244776 20.480923523365075 19.128886827768312
51.87033837325231 12.412404509855111 20.483129716715545 18.97480414668167
51.71947635161126 12.404599171921214 20.485161653926372 18.829715525763664
51.537867619815415 12.395147897155853 20.488767659418656 18.653952063240915
51.383339202529434 12.386502227456878 20.49153777649228 18.505299198580232
51.218848113724334 12.377076026550155 20.495036301041768 18.346735786132353
51.06242047236837 12.36772367042105 20.4984233962084 18.19627340573893
50.93148545839922 12.359482998854054 20.500674532373917 18.07132792717125
50.7907071493631 12.350554043934444 20.503569694871143 17.936583410557528
50.64600151384351 12.341094534053537 20.50695736840877 17.797949611381167
50.511220086106064 12.331927654970483 20.51002635423952 17.669266076896033
50.352181927513904 12.32098253973216 20.514826322065176 17.51637306571653
50.21150044119598 12.310790130003625 20.518857864099754 17.381852447092538
50.07586553412789 12.300762286530452 20.522701976678803 17.252401270918636
49.96208131222486 12.291914583641411 20.525356699405105 17.14481002917836
49.81815040077022 12.280907686451448 20.530128901422934 17.007113812895835
49.73351551452057 12.273620457991138 20.531203194054008 16.92869186247544
49.635337900276014 12.265695124548373 20.532891493961447 16.83675128176616
49.51339668395647 12.255833528028269 20.536481883045944 16.721081272882266
49.43639058832016 12.248765756302237 20.537305671295915 16.650319160721992
49.36086639268868 12.241951468893982 20.537871714352725 16.581043209441955
49.265275959808434 12.233733903449192 20.539813486805038 16.491728569554237
49.197516717877534 12.227127749710322 20.540171867817094 16.43021710035007
49.13926118036966 12.221301283643147 20.539763636907765 16.378196259818715
49.07635619266609 12.215037698429777 20.539791028362853 16.32152746587346
49.02290136121685 12.209489465551812 20.53912218607992 16.274289709585176
48.97226477491725 12.203979086169152 20.538429424089166 16.22985626465893
48.923190048992176 12.198557648644504 20.537661934695336 16.1869704656523
48.8753317958063 12.193193185565264 20.53685312439709 16.14528548584395
48.8357994006588 12.188133719427602 20.535770664217292 16.11189501701394
48.79454001676329 12.183110550699162 20.53466801097849 16.076761455085656
48.76023101705704 12.178581664603119 20.533106462832595 16.04854288962134
48.724233417395105 12.173685590010566 20.53193179545022 16.018616031934346
48.69166855055958 12.169079075311279 20.530500695229335 15.992088780018953
48.660095854414394 12.164441502541662 20.52913040430853 15.966523947564262
48.62925369670431 12.159777295620144 20.527817483953587 15.941658917130608
48.59898726826783 12.155080606054035 20.52656910775153 15.917337554462256
48.56914614543696 12.150345532166286 20.525392620453516 15.893407992817128
48.54192660067088 12.145898383170735 20.523970813587432 15.872057403912704
48.51550067924779 12.141379937152259 20.522659492784644 15.851461249310882
48.48958254034166 12.136793455904032 20.5214561586374 15.831332925800218
48.462093749446154 12.131737930432836 20.52075521085268 15.80960060816065
48.43772594154299 12.127480115098338 20.519311088324528 15.790934738120146
48.41326567412294 12.12266988809472 20.51846171288248 15.772134073145715
48.38889833590753 12.117854089614633 20.51766436131785 15.753379884975038
48.36590591672232 12.113479637745593 20.516480055427348 15.735946223549304
48.342626048046164 12.108499129323832 20.51594904704887 15.718177871673472
48.32042244408794 12.104049425337696 20.514945075221842 15.701427943528394
48.29844636464715 12.099361670341452 20.514233775380706 15.684850918924965
48.27721408583564 12.094760760867857 20.51349530618029 15.668958018787466
48.256064167744505 12.090018590770947 20.512956831934773 15.65308874503873
48.23559041190677 12.085389752231189 20.5123690859834 15.637831573692157
48.21521517797456 12.080652928090025 20.511952855101054 15.622609394783488
48.19559519369028 12.076057924215508 20.511464074569812 15.60807319490496
48.17633475123957 12.071425986940277 20.511081606654912 15.593827157644395
48.15741302788764 12.066801760871623 20.510763511091383 15.579847755924645
48.13883519239266 12.062184025243722 20.510513526996803 15.566137640152139
48.12066602562177 12.05759634561346 20.510311399581536 15.552758280426742
48.1026356054832 12.052862953935279 20.51033377007183 15.539438881476096
48.0852837898473 12.048585619256217 20.50998353675805 15.526714633833025
48.06835161825535 12.044058261123869 20.509969696063916 15.514323661067571
48.05063230027801 12.039409768270453 20.510162439402638 15.50106009260489
48.035311312203085 12.035397343489501 20.50981441476283 15.490099553950692
48.01962537668354 12.030863744194393 20.510080113661118 15.478681518827992
48.0043630895328 12.026794205093804 20.50997877682504 15.46759010761393
47.98933127727355 12.022397292771833 20.510305534450353 15.456628450051412
47.97519917425663 12.018584439963814 20.5101521321997 15.446462602093078
47.961016616058615 12.014374524901514 20.510500906365692 15.43614118479146
47.94727237738909 12.010531381195594 20.510592108145914 15.426148888047543
47.93385418903792 12.006419340145603 20.511066131568843 15.4163687173235
47.9213865652719 12.002879512967848 20.511084374160824 15.407422678143206
47.908952707887124 11.999244085381953 20.511316102611122 15.398392519894026
47.89686849782523 11.995464076015907 20.511815380403085 15.38958904140629
47.88495666005473 11.991985238752875 20.51213961350947 15.38083180779233
47.87440047565001 11.988850448459306 20.512251515878294 15.373298511312406
47.86384128946897 11.985387851432666 20.512824261028545 15.365629177007783
47.85396695086767 11.982544783751731 20.512913353188807 15.35850881392713
47.84436477545626 11.979338185669022 20.513507455752404 15.35151913403482
47.83561686400418 11.976796493494994 20.51358033530811 15.34524003520103
47.82698842241911 11.973894838863028 20.514161623740602 15.338931959815495
47.81931029276554 11.971633142604997 20.514254026209354 15.333423123951208
47.81169526676451 11.969056882548001 20.514816988412143 15.327821395804385
47.805127255522315 11.967100195379945 20.514918974080988 15.323108086061385
47.79899850275046 11.96508669886459 20.5152423673299 15.318669436555894
47.79341727894837 11.963303782891693 20.51550077461393 15.314612721442748
47.78784595323717 11.961474966171336 20.51597619967439 15.310394787391415
47.78379435907565 11.960238826964362 20.51603394025084 15.307521591860459
47.77946469041189 11.95883615006236 20.51643700419221 15.30419153615735
47.77672607808952 11.957987580817278 20.516468947238106 15.302269550034097
47.773616270385446 11.957041120288103 20.516785164855452 15.299789985241924
47.772079979315166 11.956576619486787 20.51680983450428 15.298693525324088
47.77058974382565 11.956192746178438 20.516948641070417 15.297448356576854
47.770260375605126 11.956113141083932 20.516983081992997 15.297164152528167
