35.76919050258645 12.143567743832422 11.317470341033538 12.30815241772046
35.76921187577807 12.143882422993359 11.317431976641402 12.307897476143305
35.76953227780064 12.1441247887935 11.31751976629813 12.30788772270902
35.7694899583028 12.143253726256926 11.318212543443627 12.30802368860227
35.76918055123824 12.141481907778774 11.319430721369198 12.308267922090263
35.76907924584467 12.139659159440441 11.320800607025935 12.30861947937831
35.7699621850797 12.138454865759886 11.32204107494004 12.309466244379788
35.77122561831887 12.137178797033659 11.32344081248208 12.310606008803104
35.772795959497174 12.135798687588844 11.325004028516766 12.31199324339155
35.77466300227466 12.134205550620948 11.326811952471939 12.313645499181789
35.77681862279839 12.132523309970455 11.328766722407217 12.315528590420719
35.779252434140155 12.130518182806703 11.331040675620365 12.317693575713102
35.78195489462952 12.128356386218694 11.333505674763309 12.320092833647498
35.7849137131386 12.125841666879507 11.336303197146679 12.32276884911243
35.787978000334014 12.122482472908272 11.33964591939414 12.325849608031598
35.79120285756669 12.118784633202775 11.343257145794544 12.329161078569363
35.7946128395477 12.114744284583788 11.347179470667811 12.33268908429609
35.79818957815506 12.110286159468608 11.351454684219595 12.336448734466838
35.80192534603793 12.105377052153635 11.35610642874749 12.340441865136826
35.80580399268494 12.099941314537402 11.36118091185017 12.344681766297366
35.80981662818361 12.093928460767438 11.366714278312642 12.349173889103529
35.813962062433205 12.087314863647876 11.37273211850921 12.353915080276117
35.81820812156261 12.079927091594623 11.37933840796234 12.358942622005651
35.822548278391295 12.071693135043358 11.386590405701467 12.36426473764647
35.82696481147161 12.062473792986939 11.394585669312805 12.36990534917187
35.83144233549315 12.052118833242623 11.403433280430814 12.375890221819715
35.835955009611084 12.040399229903548 11.413293744689565 12.382262035017988
35.840485837166796 12.027101285942795 11.4243265508128 12.389058000411222
35.84500421355954 12.011867325531446 11.436791380802827 12.396345507225263
35.84948216864162 11.99434896450313 11.450947320541413 12.404185883597084
35.853881155129145 11.97385726541835 11.467309169778806 12.412714719931984
35.85816522118045 11.95005836985943 11.486132298977758 12.421974552343276
35.86227902856704 11.921553436351445 11.50848018729785 12.432245404917747
35.86616302206688 11.887398371408628 11.53508623855994 12.443678412098308
35.869736833714825 11.844737829387158 11.56816860703031 12.45683039729737
35.87290302551146 11.791396332229196 11.609464351538577 12.472042341743679
35.87552885489215 11.722364000755821 11.662972408298563 12.490192445837742
35.87743420663106 11.629747970444795 11.735091808210877 12.51259442797538
35.87837544821509 11.499671900021678 11.837262412004204 12.54144113618921
35.878086704355326 11.327248696237664 11.974197811619979 12.576640196497674
35.876459671083914 11.129776074939127 12.1327144312433 12.613969164901489
35.87373097256116 10.952555063876117 12.27573029843296 12.645445610252088
35.87024609241749 10.806719136833529 12.393413764164348 12.670113191419597
35.866263250182406 10.684562429947263 12.4917399586254 12.689960861609737
35.861951884284636 10.582626563295344 12.57332080980768 12.70600451118162
35.85741867941627 10.493525421576265 12.644252941976749 12.719640315863249
35.852737315023724 10.414664337580806 12.706653648926697 12.731419328516198
35.84795839140165 10.342215628534053 12.7637529836889 12.741989779178708
35.84312254310364 10.27681346139924 12.814951417928611 12.751357663775805
35.838258016647934 10.216487236298423 12.861920149308245 12.759850631041258
35.83338616505687 10.159588280428796 12.90607255616693 12.767725328461143
35.82852567409074 10.106412522269107 12.947131751851517 12.774981399970127
35.82369017698989 10.05617506457314 12.985767977439133 12.781747134977612
35.81889124279508 10.00841903807644 13.022371274953265 12.788100929765374
35.81413716095392 9.962146788844159 13.057817503672014 12.79417286843774
35.809438760565115 9.919300522568342 13.090366965492292 12.799771272504463
35.8047993327657 9.876921746145708 13.122642606502135 12.805234980117852
35.80022680797608 9.83716736864851 13.152717334461522 12.810342104866073
35.795723525263874 9.79782799806404 13.182556412698402 12.815339114501418
35.79129526166338 9.760516179649237 13.210713416494285 12.820065665519836
35.7869434947888 9.723489418357303 13.238746574788848 12.824707501642642
35.78267315591673 9.68836783739325 13.26519302753921 12.829112290984263
35.77848573092871 9.654206171619869 13.290898953745982 12.833380605562859
35.774383274711745 9.620908745183735 13.315945952241016 12.837528577286996
35.770366303916354 9.587554135247254 13.341168911283482 12.841643257385616
35.7664388281569 9.556339300343126 13.36457411677821 12.845525411035577
35.762600285085476 9.525136374229282 13.388083517179728 12.84938039367647
35.75885279020803 9.49502972948568 13.410710881505647 12.853112179216678
35.75519590176091 9.464867252086325 13.43350534851356 12.856823301161004
35.75163189685023 9.435953784732336 13.455274573298095 12.860403538819797
35.74816104073272 9.407658776236115 13.476588027075609 12.863914237421021
35.744783259627745 9.379446825599667 13.497935408523468 12.867401025504641
35.7414996008712 9.352100315589055 13.51859951247118 12.87079977281096
35.73831003446622 9.325170974596112 13.538988361815168 12.874150698054951
35.73521496389668 9.298522606268829 13.55922378255081 12.877468575077048
35.732215439398594 9.273156739849682 13.578383681072763 12.880675018476172
35.72931010822838 9.247410780176677 13.597996080328103 12.883903247723564
35.72650003465904 9.222438266417681 13.616997261476671 12.88706450676469
35.72378518693805 9.197942999484626 13.635656992705533 12.890185194747886
35.72116504351998 9.173534876217682 13.654336084786307 12.893294082515999
35.71863947015695 9.149419417600093 13.672847949328927 12.896372103227925
35.71620948560659 9.12630002811584 13.69052915446135 12.899380303029398
35.71387325606199 9.102475384490747 13.70896604429649 12.902431827274746
35.71163240253078 9.079959346780063 13.72628015272251 12.905392903028213
35.709485729788874 9.05730813119004 13.743815557123217 12.90836204147561
35.70743318501474 9.035068801924314 13.761060466516888 12.911303916573543
35.70547459445145 9.013106048039186 13.778141741875343 12.914226804536916
35.70361001913121 8.991726415185422 13.794768989140547 12.917114614805245
35.70183877751575 8.970457331021223 13.811384160958522 12.919997285535992
35.700160655288364 8.949399565575705 13.82789132692108 12.9228697627916
35.698574903474096 8.928246092591989 13.844582789304054 12.92574602157807
35.697082721057846 8.9084406013321 13.860091512671417 12.92855060705432
35.69568216917293 8.88797803232281 13.876307108505873 12.931397028344264
35.69437311866664 8.867488533480557 13.892639596080238 12.934244989105848
35.693156385686414 8.848349968088675 13.907782444016904 12.937023973580835
35.69203012543167 8.828419372371908 13.923761023226161 12.939849729833629
35.69099525965045 8.809532832993487 13.938836374332265 12.942626052324696
35.69005074217026 8.790642880866086 13.953998155446257 12.945409705857934
35.689195856970315 8.771532498243149 13.969455197276758 12.9482081614504
35.68843057711941 8.752763903785901 13.984673817768398 12.95099285556512
35.68775478776426 8.734465540350222 13.99952637346128 12.95376287395278
35.68842895611095 8.749404751205521 13.987898361745884 12.951125843159549
35.6891943163927 8.76753783107802 13.973307417318418 12.94834906799625
35.69004932266849 8.786910728108795 13.957613318503482 12.945525276056202
35.690994765499575 8.805582778403341 13.942662027749272 12.942749959346948
35.69203008206614 8.82512587356231 13.926966151899169 12.93993805660466
35.69315611990901 8.844650140686893 13.91137069082118 12.937135288400919
35.69437335462234 8.864370833746651 13.895676370570802 12.934326150304896
35.69568176563007 8.884595072349246 13.879591225703797 12.931495467577026
35.69708217771761 8.904868560359322 13.863547752323033 12.928665865035258
35.69857492518987 8.925358651329079 13.847389299887508 12.925826973973304
35.70016011509534 8.946138110298813 13.831047625758561 12.922974379037957
35.701838470484 8.966924702513056 13.814791234203225 12.920122533767724
35.703610187793785 8.987908802655365 13.798441762681037 12.917259622457403
35.705474621187754 9.009996731502987 13.781146516178264 12.914331373506526
35.70743308521475 9.031833122656272 13.764180502215602 12.911419460342909
35.70948576678166 9.053830679176855 13.747158522276766 12.908496565328031
35.71163260946464 9.076239337633838 13.729846946272017 12.905546325558777
35.71387373761192 9.099129813994837 13.712181422724235 12.902562500892873
35.7162093684206 9.122380979014915 13.694275573612618 12.899552815793063
35.71863958866052 9.14603468963555 13.676092335555703 12.896512563469255
35.721164409908134 9.170197432077448 13.657533927278623 12.893433050552058
35.72378488627141 9.194046335211283 13.639367115239903 12.89037143582022
35.726500078169614 9.218829421682827 13.62043587037364 12.887234786113147
35.729310193591346 9.243876992572382 13.601360275643763 12.884072925375209
35.732215441446954 9.269284457569047 13.582055427609962 12.88087555626793
35.73521558236864 9.29517661019442 13.562407201239735 12.877631770934485
35.7383101657481 9.32175181179568 13.542234677462586 12.874323676489839
35.74149908812984 9.348828049364986 13.521705173717974 12.87096586504687
35.74478336005055 9.375570478659759 13.501592549488597 12.867620331902161
35.74816137976118 9.403286743306078 13.480695763608976 12.864178872846145
35.751631777209205 9.432376538248526 13.458648407546816 12.860606831413874
35.75519525131236 9.46163297499812 13.436559596643916 12.857002679670323
35.7588519218054 9.490889166918043 13.414587323259552 12.85337543162781
35.762599683765984 9.521296699003932 13.391679324382398 12.849623660379685
35.76643833182368 9.55213659504615 13.368493032583368 12.845808704194162
35.77036667404025 9.583597745330163 13.344862244211262 12.841906684498834
35.77438277113533 9.61623796065249 13.320280716515159 12.83786409396766
35.77848594204 9.649395680619174 13.295351322841562 12.83373893857929
35.78267281509511 9.684374381136358 13.268898367911204 12.829400066047542
35.78694422485417 9.718698493689171 13.243162252725263 12.825083478439723
35.791295116605646 9.75550634000034 13.21532081322573 12.82046796337959
35.79572353488776 9.792871735990722 13.1871038455993 12.815747953297745
35.8002257282932 9.831968775450168 13.157467943784994 12.810789009058054
35.80479950708355 9.87155093350698 13.12753590778574 12.805712665790843
35.80943819460836 9.913613144962573 13.095530168650319 12.800294880995468
35.814137495058354 9.956829449792268 13.062637385871463 12.79467065939462
35.81889089641616 10.00186077148426 13.028279249560155 12.788750875371754
35.8236897317945 10.049591857955708 12.991680911219463 12.782416962619351
35.828525486020254 10.099380289529698 12.953420290527522 12.775724905963022
35.83338555150948 10.152812087993855 12.912114206392635 12.768459257122997
35.83825792545258 10.208339984698828 12.86913861744559 12.760779323308174
35.84312313817014 10.268236804094728 12.82251629543933 12.752370038636087
35.84795929648879 10.333090544376047 12.77176266235026 12.743106089762453
35.85273722088073 10.403779772224095 12.716145848999417 12.732811599657206
35.85741939908016 10.481304952078688 12.654845028499766 12.721269418501734
35.86195227544597 10.569243633074933 12.584842732655838 12.707865909715208
35.8662644374566 10.668353730767622 12.505588058872688 12.692322647816296
35.87024459499004 10.78676048051063 12.410313079512434 12.67317103496698
35.8737305624276 10.926337219325783 12.297702416620808 12.649690926481021
35.876460318065654 11.098076362986204 12.158961632472248 12.619422322607193
35.8780860742835 11.295640212007354 12.000000348407422 12.582445513868741
35.87837591452455 11.47725017405049 11.855315953037238 12.545809787436829
35.877432881232174 11.614249504329509 11.747424009197795 12.515759367704863
35.87552784450721 11.712104646645344 11.67105982151831 12.492363376343542
35.87290147796906 11.784482956507624 11.614871841647302 12.473546679814122
35.86973369809152 11.840193852053114 11.571698244383635 12.457841601654778
35.86615838358366 11.883680546001038 11.537953378994 12.444524458588623
35.86227510672111 11.918942724632336 11.510480644372114 12.432851737716684
35.85816114697205 11.948198597579491 11.487546140925573 12.422416408466985
35.85387780408396 11.972868710933483 11.468051834734636 12.412957258415801
35.8494782572124 11.993406493476138 11.451645294792552 12.404426468943692
35.8450002282548 12.011387239864414 11.437132528196589 12.396480460193782
35.84048412449253 12.026569672393295 11.424698802103922 12.389215649995332
35.83595477722892 12.040091256557497 11.413490885817831 12.382372634853606
35.83144116086624 12.05183020928857 11.40360593761301 12.376005013964669
35.82696564822895 12.062184818557414 11.394750713863298 12.370030115808238
35.82254631746804 12.071376551523155 11.386764597065543 12.364405168879337
35.818206855997545 12.079565309709919 11.379534179460125 12.359107366827514
35.81396107479194 12.086899240022559 11.372953590110955 12.354108244658436
35.80982050042204 12.093485130416523 11.366948158416632 12.349387211588903
35.80580353931362 12.099410268888349 11.361457262214158 12.344936008211114
35.801920023845916 12.10475144950868 11.356428067821971 12.340740506515244
35.79818292718972 12.109569756314595 11.35181906838857 12.336794102486564
35.79460520734544 12.113915626837443 11.347596074865935 12.333093505642063
35.791192750682384 12.11783486071745 11.34372849161794 12.329629398346988
35.78796156189841 12.121360364941316 11.34019478240482 12.3264064145523
35.784916363223154 12.124525274722968 11.336973477644937 12.323417610855271
35.78207114230892 12.127353503604345 11.33404931965909 12.320668319045529
35.779435767274094 12.129867636163079 11.331408305064109 12.318159826046905
35.777022901948506 12.132087259219235 11.329038720682195 12.315896922047079
35.774846967658384 12.134031485857061 11.326929612269275 12.313885869532045
35.77292871976263 12.135721360720975 11.325069962882559 12.312137396159109
35.77128689304627 12.1371825417412 11.323446687954071 12.310657663350968
35.769962657963596 12.13845507625149 11.322041037979611 12.309466543732508
35.76900182295297 12.139596291188735 11.320827816826101 12.308577714938135
35.76836467797334 12.140598075971472 11.319811015238523 12.307955586763352
35.76805739185253 12.14148283820042 11.318974798992043 12.307599754660089
35.76808837328902 12.142238479435283 11.318332657855136 12.307517235998588
35.768463833806535 12.142902705428902 11.317856143781892 12.307704984595745
35.76919065942226 12.143440613742383 11.317575162741377 12.308174882938502
