41.426169769206645 12.152384787214073 16.966911994192444 12.306872987800142
41.42609172200758 12.152814741308594 16.96673555022489 12.306541430474086
41.426401036217385 12.153309222863511 16.96667679392869 12.306415019425167
41.42708429175088 12.153839575343834 16.966754322528082 12.306490393878967
41.42813038952603 12.154372906473984 16.96698742100995 12.306770062042093
41.429534887000734 12.154907639540928 16.967364545585717 12.307262701874102
41.431288316435456 12.155443383149821 16.967887974908795 12.307956958376824
41.4333783232867 12.155946085019703 16.968585100194783 12.308847138072188
41.43580082887988 12.156426697758251 16.96943794644126 12.309936184680359
41.438547413763544 12.156883884733908 16.970446446178016 12.311217082851627
41.441604443986805 12.157256567670066 16.971655193027637 12.312692683289093
41.44496006609922 12.157519179585208 16.97308119836378 12.314359688150237
41.448537760270284 12.15762870862212 16.974715697084772 12.316193354563357
41.45168287769223 12.156892118632738 16.97683518005641 12.317955579003106
41.45585507661212 12.157188088819574 16.978531846310887 12.320135141481675
41.45894017353427 12.155507312198791 16.981428820722478 12.32200404061301
41.46321134635691 12.155021692646434 16.983837678569582 12.32435197514088
41.46776475872327 12.154504787572312 16.986392967726303 12.326867003424642
41.47263497135647 12.153991177843434 16.989081893007338 12.329561900505702
41.47776791445646 12.153424934161494 16.991925607206166 12.332417373088797
41.48324630672805 12.152882315734109 16.99489715678694 12.33546683420698
41.48886151046302 12.152164717404002 16.99807200777197 12.33862478528706
41.4948157386738 12.151466510600454 17.001375538201867 12.341973689871496
41.50097383619637 12.150644763637278 17.004868309601218 12.345460762957885
41.507426784928285 12.149998189765403 17.00834567611335 12.349082919049536
41.514048944276745 12.148775444192003 17.01235782088746 12.352915679197254
41.52091666084569 12.14795374770311 17.016162392773754 12.356800520368807
41.527980622834924 12.14678373832613 17.020323699669344 12.36087318483946
41.535193010298535 12.145033756469488 17.02502342266447 12.365135831164563
41.542635415805904 12.14388975684514 17.02934893198178 12.369396726979
41.55025565851827 12.142318663625863 17.034081661903418 12.373855332988986
41.558048704240036 12.140595068282755 17.03902169554798 12.378431940409303
41.56599667876657 12.138241322572487 17.044526193700126 12.383229162493967
41.57411474085888 12.136353817029406 17.04976347023273 12.387997453596718
41.58237582343466 12.13361029771855 17.05572584675225 12.393039678963843
41.59079449234752 12.131415864897011 17.061352603139348 12.398026024311168
41.59934220278395 12.128140292983092 17.06787692132973 12.403324988471155
41.60802806993544 12.125174423461026 17.074250688056484 12.408602958417905
41.61683561924832 12.12150806582791 17.08122104256742 12.414106510852987
41.62576720278165 12.118104861242116 17.088064932720194 12.419597408819353
41.63480557723078 12.113868570687739 17.095627891221156 12.425309115321896
41.64395137895746 12.109387564072815 17.103428563968894 12.431135250915768
41.65319523198751 12.104663953976319 17.111489992465206 12.437041285545966
41.66251699559901 12.098702977376911 17.120652101263104 12.443161916959033
41.67193867204051 12.093696338024198 17.128993591299828 12.449248742716506
41.681429076528445 12.08756801414977 17.13835929682516 12.45550176555352
41.69097740687149 12.080003771354411 17.148893102632005 12.462080532885096
41.70059799417253 12.073418323785956 17.15871486464779 12.468464805738765
41.71026269777692 12.065230363824453 17.169842637784477 12.475189696167977
41.719975472070885 12.056937715526086 17.1811054309981 12.481932325546703
41.729720047950465 12.04746043175392 17.193375775987718 12.488883840208832
41.739492726156996 12.037180041753192 17.20634286380963 12.495969820594148
41.749296153630695 12.027564273039852 17.21876171735961 12.502970163231232
41.75910270486261 12.015896745646675 17.232937643208626 12.510268316007302
41.76892089637288 12.004443494740942 17.246942655382384 12.517534746249556
41.77873637305066 11.992035257397115 17.261767346718514 12.524933768935005
41.78854337194558 11.97894355721364 17.277173981761877 12.532425832970052
41.79833762838488 11.965496880506914 17.292889951398386 12.539950796479584
41.80809595784773 11.949218905225433 17.311019859488876 12.547857193133446
41.81784386022855 11.934964747372094 17.327431017405964 12.555448095450505
41.82755297720287 11.91891443246781 17.345380599306704 12.563257945428335
41.83720947277277 11.900157189422023 17.365652479718616 12.57139980363213
41.846834875543045 11.882673752056947 17.3848329844868 12.579328138999282
41.856406748890315 11.863477125859722 17.40549765606603 12.587431966964575
41.86593495085552 11.844894667777394 17.425641879020656 12.595398404057459
41.87540339778939 11.824573283415267 17.44728281508076 12.603547299293378
41.8848250350638 11.805330431238298 17.46799842857025 12.611496175255253
41.8941718007488 11.782761055994715 17.491605024227244 12.619805720526841
41.90345675088119 11.759584734126662 17.515758272330512 12.62811374442404
41.9127010620083 11.739746506051485 17.536994250290725 12.635960305666082
41.9218634598488 11.715604855108646 17.56200833575648 12.64425026898369
41.93097291275315 11.692966467330294 17.5857046682079 12.652301777214953
41.940009213670194 11.66794869117336 17.61151834962037 12.660542172876436
41.94898838994379 11.643735347203467 17.636622307616737 12.66863073512357
41.95789847838491 11.617606110840365 17.663447438295282 12.676844929249242
41.96676857304326 11.595466119780943 17.686741063988173 12.684561389274126
41.97555580038686 11.567701008376893 17.715050037513237 12.692804754496745
41.9843095992387 11.545179160581267 17.738705191107464 12.700425247549964
41.99298975160794 11.5180491983673 17.7664954755782 12.708445077662427
42.00163381513444 11.494783791673107 17.79083783851497 12.71601218494639
42.01020848839859 11.46707466728162 17.819192898591492 12.723940922525506
42.018750052953855 11.443127964795597 17.844186752541873 12.731435335616386
42.027276902752945 11.42424327949745 17.864619741375005 12.73841388188048
42.03568830806097 11.391962321368636 17.897182729114448 12.74654325757788
42.04408317926446 11.364425660091944 17.925492892308252 12.754164626864277
42.05244679411541 11.338859968189965 17.952055230899386 12.761531595026053
42.060777761346905 11.313920398297032 17.97807226438921 12.768785098660674
42.06907344385804 11.288560027361402 18.00448298318249 12.776030433314146
42.077340043197886 11.263537394999366 18.03062323659128 12.783179411607275
42.085578877366174 11.238833462751636 18.056510034441445 12.790235380173115
42.09378615494498 11.2128202047195 18.083632399117395 12.797333551108101
42.10198198154226 11.18995287788205 18.107889280776284 12.80413982288392
42.11015035160026 11.165188967305733 18.13391612579203 12.81104525850249
42.11829624239464 11.139864337745987 18.1605227931862 12.817909111462471
42.12642246018198 11.113894666828141 18.18776373698074 12.824764056373091
42.13454749331852 11.091659147560124 18.21156292677673 12.831325418981663
42.14265907097137 11.06872677340186 18.236053562958382 12.83787873461112
42.150749548941796 11.043018949779698 18.263176067861924 12.844554531300146
42.158848560051254 11.022017988474845 18.28592560649106 12.850904965085348
42.16693442233027 10.998865264933979 18.31073965351062 12.857329503885687
42.17501352230293 10.975256047772982 18.336030655480677 12.863726819049287
42.16691255523601 10.97881718029171 18.329751810554793 12.858343564389525
42.158819065106144 11.000420098758752 18.306270794234376 12.852128172113023
42.1507332849995 11.020578501752894 18.28430629791401 12.845848485332624
42.142626552201044 11.046900997936978 18.25657079019138 12.839154764072681
42.13453095316171 11.06727154158831 18.234484115407643 12.832775296165764
42.12641194651137 11.092099819015864 18.208228820336693 12.826083307158788
42.11827860327852 11.117280530804337 18.181687150146477 12.819310922327679
42.11013598007254 11.140540493059607 18.156988535934346 12.812606951078592
42.101972431731504 11.16478377664275 18.13138718440036 12.805801470688376
42.09377505170392 11.192695550684354 18.10241682987052 12.798662671149039
42.08556981619863 11.2160535293966 18.07770606490992 12.791810221892094
42.07733837289112 11.239981737002122 18.05250938794398 12.784847247945018
42.069064279551554 11.267833040334361 18.023703873540104 12.77752736567711
42.06076967855028 11.292772161145235 17.997621159269542 12.770376358135504
42.052445634231354 11.316970830033188 17.97225329512964 12.763221509068494
42.04407498099311 11.344050994552163 17.944267851104826 12.755756135336124
42.035671220067606 11.369772845280151 17.91755402787319 12.748344346914237
42.02723364826913 11.393746147373532 17.89246149787771 12.7410260030179
42.01873220823761 11.42280195355621 17.862754393711477 12.733175860969922
42.01020760490665 11.445774050345602 17.838620419246066 12.725813135314992
42.001617911877936 11.473115985266068 17.810525687390427 12.717976239221477
41.99298696346366 11.497883626919903 17.78479093117217 12.710312405371566
41.98430613954906 11.522132994515282 17.75953984205848 12.702633302975292
41.97556124156643 11.548208889770192 17.732653917505356 12.694698434290897
41.966754945301446 11.574904440108527 17.705236990364003 12.686613514828917
41.95789716753409 11.599619092240385 17.679607069634027 12.678671005659648
41.94898431195952 11.623145069093228 17.655050612191143 12.670788630675144
41.94000872117755 11.646941062041813 17.630262105155833 12.662805553979894
41.93095708069843 11.673000079598875 17.60346708255553 12.654489918544035
41.92185868041112 11.695458285220697 17.57988493612161 12.646515459068777
41.91268474764562 11.720048518903527 17.554408799721134 12.638227429020995
41.903447129151374 11.744201037108079 17.529344212290617 12.629901879752671
41.89415374053485 11.766541373674702 17.505879426102027 12.621732940758113
41.88481117023796 11.78629008709844 17.484693600594195 12.613827482545283
41.87539609875737 11.808269253372282 17.461550193591084 12.605576651793996
41.86593355882191 11.827955768833217 17.440419988666868 12.59755780132182
41.856407649705915 11.84859495940943 17.418450017032413 12.58936267326405
41.84682664940361 11.869170861628662 17.396545486306827 12.581110301468119
41.83721173702356 11.88664110903762 17.377345418203454 12.573225209782473
41.827542813417644 11.90531530509168 17.357096619086093 12.565130889239878
41.8178456205892 11.921560687794116 17.338954762797012 12.557330169998083
41.80811528824318 11.937254830436078 17.321284126293204 12.549576331513894
41.798348248828724 11.953497111627094 17.303151848495553 12.541699288706061
41.788563183041255 11.968287105929875 17.28626160039516 12.534014476716209
41.778767222716404 11.981709645475974 17.27055699045696 12.52650058678349
41.76896441366833 11.994256603618265 17.255599227162925 12.519108582887169
41.75915694785661 12.00648291642147 17.24092627600428 12.511747755430859
41.749345148128775 12.018953544593018 17.22605797297319 12.504333630562568
41.739552764428176 12.02977979177666 17.21259376631507 12.497179206336451
41.72976759578982 12.041226304137275 17.19861837495691 12.489922916695619
41.7200220181047 12.050433419852041 17.186549263446043 12.483039334806609
41.71030464724507 12.05969891849077 17.17447428843539 12.47613144031889
41.700647340064165 12.066486342220824 17.164480135155404 12.469680862687923
41.69101558716538 12.075374163418408 17.152770219271222 12.462871204475768
41.68146744885156 12.08110560091281 17.143738714353 12.456623133585767
41.6719569085885 12.089027410238367 17.132865122540263 12.450064375809879
41.662543353145225 12.094071701909307 17.124480277687905 12.44399137354799
41.65319985327318 12.099843150853541 17.11547725676492 12.43787944565473
41.643943467415255 12.105113955211909 17.106959797469383 12.431869714733974
41.63477961305618 12.11010731728952 17.098708028655594 12.425964267111075
41.62572233434663 12.114434223652381 17.091088551366184 12.420199559328065
41.61676900361813 12.118651079654333 17.08356868584717 12.414549238116614
41.60793801395446 12.122181588375508 17.07668391505681 12.409072510522169
41.59922877028511 12.125616909011681 17.069932683253555 12.403679178019873
41.590648551622955 12.128850841769982 17.063405373823045 12.398392336029927
41.582211192510925 12.131480005392213 17.05744010191439 12.393291085204346
41.57390978647723 12.134432198731723 17.0512695734108 12.388208014334698
41.56576571787299 12.13669833558867 17.045732578634702 12.383334803649593
41.557778509218544 12.138886187212089 17.040329661380895 12.378562660625576
41.5499575175135 12.140794108667086 17.035229140472676 12.373934268373729
41.54231332963406 12.142269656958296 17.03056175803109 12.36948191464463
41.53483995160223 12.144099022780269 17.025679243950105 12.365061684871854
41.52755760612581 12.145361717765192 17.021343241687273 12.360852646673322
41.52046289245134 12.146765837513133 17.016974680639553 12.356722374298634
41.513572259730594 12.14771043588648 17.013067148401248 12.352794675442883
41.50688629471039 12.148654474161376 17.00925234889546 12.348979471653562
41.500411671115074 12.149538040495191 17.00557695149702 12.345296679122862
41.49415340280816 12.150422001280186 17.001996515642603 12.34173488588538
41.48811918679844 12.151213661459977 16.998577995076808 12.338327530261642
41.48232325392537 12.151677435039831 16.995548150539136 12.335097668346409
41.47676596731111 12.152121020119758 16.992624903832645 12.332020043358687
41.47145457482615 12.152521042045066 16.989841855193625 12.32909167758743
41.46639650242157 12.152852193366817 16.987221947940142 12.326322361114567
41.46159814365517 12.153135876171467 16.984751291731808 12.323710975751908
41.457067007204394 12.153354837120736 16.982445719848673 12.321266450234967
41.45281028659262 12.153513879317199 16.980304970293712 12.318991436981742
41.448835201312235 12.153617484562783 16.978328341275315 12.316889375474139
41.44515222571791 12.15362083686911 16.97656936462668 12.31496202422212
41.44176145010873 12.153642300664158 16.974896064401204 12.313223085043374
41.438674901232964 12.1536217344789 16.973395239302647 12.311657927451378
41.43590052240155 12.15354194607789 16.972076621410043 12.31028195491361
41.43344344619444 12.153446906669513 16.97090003579714 12.309096503727782
41.43131588814136 12.153289362222987 16.96992596159026 12.308100564328097
41.42951782404186 12.153143249002865 16.969062130957855 12.307312444081148
41.42806166629275 12.152977890775372 16.96836609729356 12.306717678223816
41.42695452376207 12.152791593999344 16.967834360661875 12.306328569100812
41.4262040837539 12.15259118103293 16.967464993193815 12.306147909527132
41.425818072475614 12.152381971950312 16.96725705998648 12.30617904053885
41.42579955793994 12.152194618364959 16.96718012136912 12.30642481820587
41.42615885872566 12.15199944588853 16.967268174140475 12.306891238696627
