37.41507516137002 12.147178274715069 12.959765090523547 12.30813179613138
37.415096364770655 12.147673404893167 12.959553136548115 12.30786982332936
37.4154125712656 12.148055712856237 12.959524185271453 12.307832673137911
37.41601647305588 12.148332702990166 12.959631605501052 12.308052164564659
37.41690840957771 12.148574846622148 12.959836766387344 12.30849679656824
37.418055829708294 12.148673932819241 12.960214236730883 12.30916766015816
37.418110637460835 12.146842135535659 12.961576795575702 12.309691706349485
37.41889933206778 12.145519063333314 12.96283782865608 12.310542440078425
37.42026508533791 12.144518996849138 12.964042105521772 12.311703982967003
37.42195575660535 12.143501637948184 12.965354244935316 12.313099873721844
37.424017175635825 12.142540009082293 12.966726582499312 12.31475058405422
37.42633271129136 12.141474199502637 12.968244762335988 12.316613749452745
37.42889111248771 12.140273330459294 12.969929430278608 12.318688351749806
37.43170196939201 12.139159421032014 12.971619395565163 12.32092315279482
37.4347422107242 12.137874236273419 12.973489114606004 12.323378859844798
37.438002356091616 12.136382874104712 12.975577795545533 12.326041686441396
37.44147586205651 12.134728584049107 12.97784675356309 12.328900524444299
37.445155626931935 12.132910807530054 12.980294345647149 12.331950473754713
37.44903452030208 12.130939927906878 12.982910653764199 12.335183938630971
37.45310532085225 12.128838091109337 12.98567661329242 12.338590616450507
37.457354137228016 12.126167038016366 12.988921737145194 12.342265362066465
37.461778103773725 12.123332963902284 12.992337565521726 12.346107574349734
37.46636911565266 12.120383620128974 12.995883311053749 12.350102184469947
37.47111949369179 12.11740518805494 12.999489600065152 12.354224705571676
37.47600920109154 12.113544106958969 13.003805021466393 12.358660072666156
37.481038246065985 12.109690412089682 13.008147020290538 12.36320081368577
37.48618825767085 12.105165210138622 13.013047775888696 12.367975271643555
37.49143966010842 12.099766641381501 13.018608291630366 12.373064727096533
37.49681430797391 12.095094476424434 13.02366289978584 12.378056931763641
37.50225637626908 12.088510535025216 13.030175526896791 12.383570314347091
37.50779231196134 12.082231900074841 13.036480759510582 12.38907965237591
37.51340569838493 12.075511704321038 13.043139019170795 12.39475497489312
37.519087991842056 12.068526306608023 13.050021251701335 12.400540433532703
37.52480670756139 12.059787487034857 13.058265594365695 12.406753626160842
37.53057156777138 12.050786576963754 13.066717310356298 12.413067680451325
37.53637141645346 12.041558225112588 13.075342584908315 12.41947060643255
37.542169405562156 12.030109606559318 13.085697066966052 12.426362732036786
37.54796717545182 12.017890236773313 13.096642791159207 12.433434147519316
37.55374603572323 12.004367069962145 13.108602262088233 12.440776703672855
37.55950080306548 11.990831796958894 13.12054614851412 12.448122857592466
37.56518050105777 11.973412012398544 13.135535035062068 12.456233453597134
37.57079193378749 11.95481819561981 13.151427567121306 12.464546171046383
37.57631810323483 11.935430835119222 13.167912349430102 12.472974918685493
37.58172953122232 11.913916315968557 13.186061015978016 12.48175219927576
37.58698341940489 11.886859298649165 13.20861386946234 12.491510251293366
37.59210077513149 11.860631391912248 13.230459612379557 12.501009770839662
37.597028216575346 11.829992648683842 13.255827761971734 12.511207805919781
37.601753695610654 11.796360959542776 13.283586736797545 12.521805999270342
37.60626379367995 11.76112625795303 13.31260866614474 12.532528869582185
37.610519567719194 11.720301142641732 13.34616879967466 12.544049625402804
37.614523666348376 11.67794379445958 13.380963159029301 12.555616712859484
37.61825323684938 11.632251304516421 13.418489147002967 12.567512785329953
37.62169450428896 11.582470021641878 13.459392788587879 12.579831694059184
37.62484251154271 11.528792160642858 13.503552330466835 12.592498020433016
37.627730847363416 11.4806643516292 13.543032382878538 12.604034112855658
37.630292942440946 11.420571830556439 13.5926056733386 12.617115438545902
37.632598313075796 11.364257105523487 13.639010421592607 12.629330785959715
37.634628948425004 11.30428108975933 13.688559726969778 12.641788131695895
37.63642715940203 11.248815733046944 13.73428539185374 12.653326034501335
37.637981284060466 11.189763963518118 13.78312852527511 12.665088795267248
37.63933656812332 11.13510197642754 13.828225761490017 12.676008830205758
37.64048003080523 11.075840347097724 13.877357893976965 12.687281789730507
37.6414643914709 11.021808315729814 13.922006745682786 12.6976493300583
37.64228940197263 10.967648856063018 13.966822975668432 12.707817570241208
37.642958392848065 10.908623930411563 14.015983167254797 12.718351295181701
37.64353456747926 10.860141971816008 14.055954379048341 12.727438216614912
37.643992098006976 10.80826730699923 14.098982746464666 12.736742044543071
37.64437270443501 10.762347778307955 14.136812359908566 12.745212566218504
37.64465697669318 10.711350403593343 14.17922050049207 12.754086072607741
37.64488880222552 10.666196763401867 14.216513976810994 12.762178062012637
37.64506161440493 10.620628173267189 14.25425049525786 12.770182945879865
37.64519080599914 10.576662001132224 14.29063188923489 12.777896915632038
37.64528861608865 10.535351701858442 14.324703385118264 12.785233529111933
37.6453561777388 10.494063588206856 14.358831652630107 12.79246093690187
37.64540312996806 10.453608770373446 14.392288742042561 12.799505617552054
37.64544821976522 10.418088564163762 14.42135203930382 12.80600761629765
37.64546286458296 10.375253731431584 14.457130815831027 12.813078317320358
37.645489460422425 10.338144765785765 14.48779424018004 12.81955045445662
37.645527348521384 10.304884177983517 14.515021312954229 12.825621857583648
37.64556078255913 10.267700280823123 14.54590941528762 12.831951086448372
37.645607794677964 10.231562509933854 14.575924029524275 12.838121255219832
37.64567723641267 10.198916484121337 14.602819092376333 12.843941659915014
37.645760381405836 10.164367085484729 14.631541382298607 12.849851913622505
37.64587899929814 10.136061789503575 14.654584089393248 12.85523312040132
37.64601226594659 10.10380117650761 14.681360566887705 12.860850522551248
37.64617801415185 10.073983541749708 14.705926236652015 12.866268235750114
37.646363384662095 10.040076024665762 14.734381649590084 12.87190571040624
37.646595645372415 10.013103669745398 14.756474289316785 12.877017686310243
37.64685817089916 9.984548825136512 14.780106107926837 12.8822032378358
37.647158558614635 9.957227446846735 14.80266054194342 12.887270569824487
37.647494616436724 9.929446111684149 14.825717734741731 12.892330770010835
37.64786987167297 9.901977692703941 14.848555206378336 12.897336972590685
37.648280753350484 9.872618837302209 14.873247753065854 12.902414162982415
37.64874709234139 9.849696455664501 14.89196800004131 12.90708263663556
37.64924595078869 9.822558959116746 14.914713535603632 12.911973456068282
37.649791557926 9.796876252658942 14.936168373730009 12.916746931537052
37.65038652293056 9.773471986506545 14.955543378006142 12.921371158417879
37.65102492655238 9.749309272961709 14.975699534263324 12.926016119327336
37.65171447558563 9.72717515384099 14.994004991765111 12.93053432997955
37.65244010335735 9.70113789044545 15.016071481423602 12.9352307314883
37.65321713898673 9.676735283586902 15.036673500643236 12.939808354756595
37.652429064155044 9.679058434012116 15.0369844751919 12.936386154951046
37.651694904359275 9.704416185655422 15.015656652815773 12.931622065888076
37.65101094569731 9.727772377719392 14.996172605873923 12.927065962104013
37.65037333379757 9.751837326497581 14.976077981118467 12.922458026181502
37.64978249091257 9.775790466813412 14.956156257364961 12.917835766734207
37.64923501564587 9.801450356874566 14.934689735561983 12.91309492320934
37.64873253340549 9.82701299454642 14.913386685507243 12.90833285335186
37.64827358138837 9.852844541182138 14.8919024104522 12.903526629754056
37.64785783452106 9.878419220868052 14.870732127996042 12.898706485656977
37.64748078902868 9.90599928829472 14.847748593558734 12.893732907175222
37.647144910256685 9.933003151943442 14.825379201091438 12.888762557221781
37.64684685866647 9.960753883513028 14.802383635895868 12.88370933925758
37.64658619569763 9.988506693031894 14.779458341035104 12.878621161630608
37.64635723119007 10.018757379989959 14.754275556878355 12.873324294321732
37.646164082740434 10.047532271982906 14.730545635970097 12.86808617478744
37.645999989202544 10.077982134669474 14.70533210358898 12.862685750944102
37.64586622445895 10.107813238704283 14.68076675265431 12.857286233100327
37.64575573634639 10.139705015427477 14.654368315660449 12.851682405258478
37.6456708152905 10.170783340961592 14.62879657271309 12.846090901615794
37.64560242643758 10.204249869625835 14.601096751325088 12.840255805486658
37.645551183979066 10.238047182566653 14.573168944166344 12.834335057246072
37.645512454818366 10.272598769932504 14.544625755894149 12.828287928991704
37.64548048576468 10.308821316762243 14.514628281108767 12.822030887893662
37.645454432170496 10.34472773358091 14.484999977968164 12.81572672062141
37.64542762582093 10.38135803148543 14.454786369797969 12.809283224537516
37.645397221162405 10.417546544169596 14.4250475043792 12.8028031726136
37.64534607378604 10.4582554535747 14.391276894165944 12.795813726045399
37.64527904593897 10.498367403550839 14.358127709439325 12.788783932948794
37.64518405355794 10.54003438246667 14.323644099680157 12.78150557141113
37.64505832332343 10.580920455725645 14.289942940629748 12.77419492696805
37.64488565634391 10.624271909311595 14.254091522919824 12.766522224112524
37.644660317015905 10.668356920613839 14.217654011556947 12.758649384845093
37.64435915120707 10.717761736422252 14.176529057274223 12.750068357510607
37.643995617273696 10.763040919702355 14.139159441234817 12.741795256336491
37.64353177885767 10.813411716092164 14.097329189302314 12.732790873463205
37.642966235136655 10.864193546770979 14.05520984952017 12.723562838845517
37.64228321381544 10.915545431825972 14.01263533236505 12.714102449624413
37.64145721737742 10.97026240103357 13.967166696369048 12.704028119974804
37.64047166007042 11.027985406791114 13.919125760909097 12.693360492370184
37.63932153294246 11.083937122725562 13.872703415175149 12.682680995041732
37.637973705367635 11.142619535972926 13.823958194435892 12.67139597495883
37.63643595670047 11.195413262926525 13.78036245581745 12.6606602379565
37.63463538829715 11.257839391373336 13.728459446228651 12.648336550695182
37.632602230412175 11.31576938642856 13.680483371800687 12.636349472182932
37.6303034331681 11.37362338368389 13.632589608623244 12.624090440860966
37.62773012222272 11.42999416588509 13.585977126405515 12.611758829932139
37.62485215992913 11.48945225832512 13.536746593080627 12.598653308523367
37.621693853689884 11.544411739764325 13.491348683169019 12.585933430756546
37.61825532068238 11.594591912521695 13.449961851816385 12.573701556344293
37.6145245320839 11.643916995269274 13.40927387045078 12.561333666363826
37.61052149981798 11.689689636833618 13.371517963289111 12.549313899695248
37.606259571221074 11.731917999298771 13.336679592086504 12.537661979835793
37.601763287389126 11.769198147143332 13.305884416811354 12.52668072343445
37.59703213529789 11.80547418540384 13.275865267003581 12.515692682890482
37.59210042941824 11.838255472854767 13.248669720082518 12.505175236480948
37.586996074531775 11.866707233545464 13.224960776263302 12.495328064723
37.581712679795565 11.895823612475985 13.200656268138722 12.485232799180867
37.57631656958729 11.918447343754574 13.181580769594845 12.476288456237878
37.57078381492487 11.942245535683956 13.161505705510269 12.467032573730632
37.565181051260474 11.960081331440978 13.146193083339227 12.458906636480279
37.559490680216285 11.97813308114099 13.130664249710422 12.450693349364869
37.55374945087786 11.99391303303878 13.116918998196121 12.442917419642972
37.54796567343432 12.00870986434287 13.103926623399431 12.435329185691993
37.5421638468474 12.021892597600962 13.092201031804239 12.428070217442215
37.536368843141176 12.032763750680008 13.082291729081769 12.421313363379399
37.53056322823543 12.044621198918652 13.071572976254592 12.414369053062169
37.5247990615439 12.05390739165401 13.062891451591511 12.408000218298378
37.51906092850462 12.063475112350497 13.053972471945425 12.401613344208695
37.51338202887156 12.071472381095749 13.046293011439364 12.395616636336454
37.50777022810002 12.078555324491587 13.039334912431066 12.389879991177384
37.50222697213377 12.08551030090998 13.032488048271787 12.384228622952005
37.496779894302364 12.091066495541984 13.026726837849058 12.378986560911336
37.49142899083837 12.096278513466116 13.021291072956503 12.373859404415763
37.48616808639051 12.102089199051399 13.015379741134348 12.368699146204747
37.48104221749211 12.106084243627777 13.010917048918333 12.364040924945973
37.4760347945554 12.110382970695822 13.006239252760226 12.359412571099341
37.471165150799365 12.114073865669054 13.002063385094162 12.355027900036132
37.46643702289947 12.117589559237668 12.998054503591653 12.350792960070152
37.46185832421669 12.120912099113754 12.994228587031008 12.346717638071924
37.45743674900745 12.124037614253512 12.990590861811201 12.34280827294273
37.453186671107964 12.126706175912103 12.987348885594162 12.339131609601697
37.44911183058047 12.129196040664652 12.984287296335417 12.335628493580394
37.44522646584828 12.131273150769644 12.981591204194643 12.332362110883983
37.44152580072961 12.133477234237224 12.978842261787602 12.329206304704805
37.43803041597163 12.135248656588095 12.976478233361883 12.326303526021645
37.43474178804842 12.136930930078028 12.974235088180999 12.323575769789407
37.431649800337595 12.138674068248989 12.971991217062016 12.320984515026604
37.42880483056153 12.13980492323324 12.97027732933336 12.318722577994926
37.42619299457073 12.1409185074783 12.968643549623527 12.316630937468894
37.42382204532252 12.141943509061912 12.96714023727878 12.314738298981815
37.42169882105924 12.142891771047395 12.965756036284533 12.313051013727303
37.41983107460875 12.143749810485504 12.964503969560123 12.311577294563135
37.41823379361816 12.144359703354214 12.96352453839251 12.31034955187144
37.41690738115147 12.144963292866505 12.962611690787847 12.309332397497098
37.41585966152344 12.145517045258138 12.961808789433794 12.308533826831495
37.41509814628011 12.146023368923467 12.96111948697022 12.30795529038639
37.41463703957674 12.146264704736986 12.96068118756239 12.307691147277366
37.41447278084515 12.146605744119583 12.960283816073352 12.307583220652223
37.414615513415114 12.14692582124272 12.959968497242732 12.307721194929654
37.41507841703025 12.14702825173096 12.959880813518003 12.308169351781288
