44.66562725056351 12.606802703144481 15.848239067427048 16.210585479992
44.6636314199482 12.606637444443015 15.848294753571947 16.20869922193326
44.66255567711028 12.606554226175485 15.848457732801078 16.207543718133696
44.66238468198697 12.606545372936806 15.848732364659025 16.207106944391136
44.66310206394301 12.606605350495329 15.849120768295208 16.207375945152503
44.664693667631795 12.6067360299669 15.849617469225041 16.208340168439793
44.66714417696864 12.60692461302105 15.850231672190837 16.209987891756757
44.67043839956305 12.6071666743563 15.850964038270021 16.212307686936736
44.67454586732805 12.607462107587576 15.85181118152904 16.215272578211422
44.679485081460086 12.607799064652612 15.85278050039463 16.218905516412814
44.68522456859968 12.60818869990755 15.853856696529624 16.22317917216247
44.69174263307874 12.608599833900215 15.85506730016232 16.228075499016164
44.69900441864001 12.609026683758525 15.85641509540628 16.233562639475192
44.70702931478192 12.609494824369245 15.857868658098976 16.239665832313694
44.71576786401082 12.609989176623051 15.859440718362976 16.24633796902479
44.72535112431368 12.61045899173007 15.861170346569223 16.25372178601441
44.736268068353 12.610479354074014 15.86340993446439 16.26237877981461
44.74767516409068 12.610603949007213 15.86569681450996 16.27137440057348
44.75929906291688 12.610943124981329 15.867937705364199 16.280418232571332
44.77224030265713 12.61098607371625 15.870538642442682 16.29071558649819
44.78608590268162 12.610781240433163 15.873468760296975 16.301835901951495
44.79962004129988 12.610950415783554 15.876217444856302 16.312452180660017
44.81404862990123 12.611094181354881 15.879092540626814 16.323861907919536
44.82899073033583 12.61123782050931 15.882069944194324 16.335682965632177
44.844599956908 12.611280755163666 15.885239854359822 16.348079347384516
44.86085971936942 12.611203937360745 15.888610110822276 16.361045671186428
44.877617784457236 12.611042682259166 15.89215325779756 16.374421844400484
44.89482891986855 12.610836703389667 15.895830705648887 16.38816151083
44.91253968334094 12.610563514568904 15.899655810245285 16.402320358526705
44.930816117173784 12.610180564008095 15.90365877252508 16.41697678064065
44.949403547967115 12.60974277130202 15.907798594225083 16.431862182440042
44.9685942553377 12.609196149080523 15.91210538730817 16.447292718949008
44.9879888954598 12.608559246997695 15.916577059620064 16.46285258884207
45.00791399985535 12.607855050926135 15.921172636338458 16.478886312590735
45.02824430763998 12.607011190191132 15.925962223540596 16.495270893908277
45.0489050917499 12.606089441753053 15.930881785940706 16.51193386405618
45.0700275421044 12.605074469238273 15.935939305642231 16.52901376722388
45.091474795070035 12.603842554149036 15.94125602375231 16.546376217168746
45.11324461744599 12.602536346301317 15.946687438951537 16.56402083219317
45.13522053973668 12.601092828124504 15.95229559695315 16.581832114659047
45.15763383276866 12.599581458305275 15.958002360708033 16.600050013755343
45.180292014772384 12.597881689540225 15.963926983662592 16.618483341569593
45.20333349758453 12.596029126594356 15.97002796597803 16.637276405012148
45.22663949254215 12.594141531316565 15.97618640715161 16.65631155407393
45.250045247629366 12.591936824546565 15.982682515574727 16.675425907508068
45.27388408390703 12.589672233443796 15.989252334451377 16.694959516011846
45.29782541895084 12.587245844794085 15.99599872190689 16.714580852249874
45.32213792239753 12.584731758420775 16.002841842522557 16.73456432145423
45.34644583824215 12.581954881290372 16.009955717286566 16.754535239665195
45.371056265813706 12.579154375209754 16.01709754237791 16.774804348226027
45.395854365575545 12.576122986681728 16.024471859437927 16.795259519455886
45.42082151160741 12.572857735272207 16.032079161603708 16.815884614731456
45.44597309621429 12.569547863902427 16.039727470308335 16.83669776200355
45.471261085298934 12.565957501181284 16.047650621542335 16.85765296257525
45.49671928592573 12.562314802805938 16.05561782448132 16.878786658638425
45.522298354385235 12.558384721591054 16.06386202905058 16.900051603743606
45.54802025708338 12.554396224407126 16.07215204765917 16.921471985017046
45.57385502528247 12.550142161025061 16.08069304696857 16.94301981728882
45.59978675772634 12.545781972627253 16.08932353474705 16.964681250352026
45.62584586597505 12.541209930337496 16.098147190129282 16.986488745508286
45.65200254156283 12.536468525312577 16.10711962340859 17.008414392841694
45.6782555980068 12.53154208614259 16.11625467031556 17.03045884154861
45.704594331009254 12.52643582380424 16.12554532992189 17.0526131772831
45.7310110250441 12.521137956462521 16.135001706283774 17.074871362297845
45.757630516860225 12.51578955584053 16.144481249194047 17.097359711825643
45.78405226635099 12.509968658531788 16.154403529833388 17.119680077985834
45.81068427877594 12.504086709201065 16.164356191161865 17.14224137841295
45.83738103639086 12.498000881846655 16.174480357369927 17.164899797174293
45.864133792701146 12.491716120525863 16.18476955653554 17.18764811563973
45.89094052712307 12.485232602333047 16.19522213647929 17.21048578831071
45.917794658091786 12.478519030260962 16.205867830704907 17.233407797125977
45.9446975798631 12.471600573621098 16.216680123178676 17.25641688306333
45.97165851986667 12.464446449791259 16.22768823079412 17.279523839281303
45.99865839697499 12.457068229416977 16.238879301998427 17.302710865559533
46.0257190615954 12.449412056012216 16.25030560592057 17.326001399662566
46.052790778945095 12.441587876209566 16.261856150162266 17.349346752573222
46.07992781041077 12.433447184482699 16.27367763536227 17.37280299056578
46.107049014783556 12.425160504169783 16.285598724789548 17.39628978582422
46.13427650364534 12.416480334564255 16.297864646835233 17.419931522245793
46.161457499814624 12.407647271171172 16.31023459770044 17.443575630943013
46.1888205032321 12.398346226558068 16.323020662649892 17.46745361402411
46.216119435886064 12.388909772246656 16.33589056148683 17.491319102152612
46.24346765704848 12.37913383268783 16.349046281681957 17.515287542678653
46.27079267787514 12.369152471628398 16.36235288327814 17.539287322968583
46.298197644593486 12.358819745278607 16.37595434131605 17.563423557998835
46.325693319669924 12.348037013051723 16.38994802206755 17.58770828455065
46.35297404665431 12.337383203006448 16.403755737300383 17.61183510634749
46.380673891627175 12.3257180896075 16.418512017261914 17.636443784757763
46.408079199310166 12.31429591125834 16.432966550644185 17.660816737407604
46.43570754679291 12.302205248820503 16.448025943064494 17.685476354907966
46.463328976011795 12.28984324719443 16.463293590058356 17.710192138758988
46.491018825354885 12.277106109720064 16.47887175104189 17.73504096459293
46.518633945759376 12.264212478326538 16.49454183254973 17.75987963488311
46.54638011526377 12.250774896010162 16.510688947363455 17.78491627189016
46.57422063891096 12.236861693069429 16.52724426842271 17.810114677418802
46.60198923282277 12.22280746110911 16.54387367200571 17.835308099707945
46.62991441477068 12.208193420788172 16.56099375769963 17.86072723628291
46.65773856622587 12.19353383909893 16.578091450657865 17.886113276469082
46.685719650344026 12.17829219234801 16.59570126926136 17.91172618873467
46.71386319864848 12.162520486243391 16.61377095823927 17.93757175416583
46.74186846997666 12.14676030406255 16.631760676760294 17.963347489153787
46.715913775674075 12.158445653983673 16.617844252317354 17.93962386937298
46.68833638370371 12.17353874245447 16.600454602297237 17.91434303895203
46.66017499155104 12.189158036105955 16.58246626739088 17.888550688054202
46.63223963443448 12.204104498112336 16.56508265332543 17.86305248299671
46.60433107371433 12.218726934812397 16.547954094075983 17.83765004482593
46.57644444371703 12.233030042697038 16.53107634347601 17.812338057543986
46.54846226361677 12.247215658588894 16.514247505384837 17.78699909964304
46.520675505384524 12.26074085801804 16.498012978950587 17.761921668415958
46.49302447676446 12.273768731627683 16.48221031656653 17.737045428570223
46.465179676549084 12.286856643196296 16.466280473989343 17.71204255936348
46.437485316371124 12.29931990415272 16.450911856004673 17.68725355621371
46.40979251978773 12.311613177207965 16.435649356210618 17.6625299863691
46.38210680388491 12.323524594343494 16.420706308542957 17.63787590099846
46.354545134395295 12.334945712282105 16.406193042839146 17.61340637927408
46.32696987633901 12.346199567216795 16.391786549847502 17.58898375927472
46.299438954581554 12.35700856971935 16.377766449689606 17.564663935172586
46.27202961500356 12.36739429961075 16.364112635200097 17.54052268019275
46.244570303188816 12.377602010551856 16.350579925429777 17.51638836720717
46.21714960608376 12.387496704020592 16.337305387392497 17.492347514670694
46.189787520552386 12.397057020831793 16.324311855935417 17.468418643785213
46.16242918893147 12.406401636513252 16.311481476531302 17.44454607588692
46.135100481607466 12.415445311102522 16.298901002469435 17.42075416803546
46.10790263513189 12.423995405076912 16.28676577682032 17.39714145323459
46.08064128170138 12.432614967461223 16.27451140962014 17.373514904620034
46.05349295001313 12.440643963912972 16.262802069978807 17.350046916121357
46.02635525494197 12.448671087374711 16.251048507285518 17.326635660281756
45.9992791840707 12.456349666280216 16.23959979038021 17.30332972741024
45.972217113365545 12.463811028618432 16.228325443133116 17.280080641614024
45.94521078149092 12.470905370053769 16.217377491888143 17.256927919549014
45.918240193267096 12.478083597345979 16.2063046283174 17.2338519676037
45.89140393109103 12.48463699424736 16.195819728516764 17.210947208326925
45.86456687190952 12.49121354780155 16.185274062013416 17.188079262094558
45.837768339478444 12.497505129327799 16.17497819899789 17.165285011152772
45.81099570404946 12.503732917458999 16.16471146492637 17.142551321664044
45.784290771839316 12.509718816683543 16.154654330082906 17.119917625072894
45.75774002465061 12.515367530768724 16.144903926104693 17.097468567777184
45.73134394095256 12.520888742971472 16.135252135443444 17.07520306253769
45.70484970327607 12.526245801154545 16.125736439896947 17.052867462224583
45.67867287300438 12.531279353420723 16.11651869020529 17.030874829378323
45.652244551124106 12.536351756037192 16.107237136499275 17.00865565858769
45.626142025848296 12.541147093822303 16.098210536147025 16.986784395878928
45.600005285855985 12.545623897968458 16.08948185608672 16.96489953180078
45.574139556217254 12.5501191497332 16.08071608178973 16.94330432469432
45.54811669138055 12.554336199841455 16.07221138094966 16.92156911058942
45.52273993642686 12.558298127905086 16.06394730702245 16.90049450149928
45.497325167775664 12.56212802127293 16.05580265260317 16.879394493899557
45.471781898810754 12.565884667832561 16.047720481244912 16.858176749733325
45.446423427939 12.569418641229436 16.0398527275824 16.837152059127202
45.42136488290957 12.572941897503828 16.031989824676607 16.81643316072913
45.39645664990406 12.576024293500597 16.02456428748555 16.795868068917926
45.37177650976803 12.579204715542904 16.017039677397793 16.775532116827357
45.34716591703019 12.582011895511025 16.009889804788315 16.755264216730843
45.322723261511605 12.584718345066317 16.002844848273014 16.735160068172274
45.298700755884276 12.58737593846676 15.995855867710898 16.715468949706594
45.27478384011898 12.589850712984596 15.989059462136835 16.695873664997528
45.25092936907987 12.592111497021401 15.982489626398017 16.67632824566045
45.22747412706697 12.594141291400595 15.976166690850675 16.65716614481565
45.204229923779025 12.596198006734914 15.969835651964214 16.638196265079873
45.181283176804804 12.598092622431766 15.963688985974652 16.619501568398377
45.15884931294208 12.599743333307973 15.957811663284204 16.601294316349897
45.13644631897515 12.601313759046972 15.952043427104273 16.58308913282391
45.114396562073885 12.602714935762085 15.946476714488707 16.56520491182311
45.092506744475436 12.603952416785525 15.941109186142171 16.547445141547744
45.071092138082186 12.605214763900817 15.935756162294995 16.53012121188637
45.05023016647753 12.606134052568734 15.930789856777933 16.513306257130903
45.02973059455846 12.607107024587302 15.92581713092701 16.49680643904417
45.0092192474519 12.607905756072492 15.921068829475043 16.480244661904372
44.98928067863842 12.608617573408234 15.916462019407719 16.46420108582246
44.96975852453266 12.609179505319766 15.91206413711668 16.448514882096255
44.9508219373235 12.609729973087813 15.907741354433236 16.433350609802403
44.932124555971555 12.610051585559193 15.903713243289875 16.418359727122468
44.91412784350919 12.610399160741238 15.899731642722607 16.4039970400453
44.8962584997471 12.6105843593276 15.895986231488381 16.38968790893114
44.87926241977699 12.610785800830415 15.89230647610336 16.37617014284322
44.862479958862885 12.610790729592894 15.888905729942026 16.362783499327985
44.84668237979771 12.610910865518763 15.885480669417243 16.350290844861693
44.83083329272138 12.610748921080393 15.882427976476578 16.33765639516439
44.81608213064431 12.610781087344456 15.87928128737314 16.326019755926716
44.801459524098625 12.610501200239831 15.87654622915551 16.314412094703286
44.78802304990598 12.610427804063235 15.87371410478591 16.30388114105688
44.7746614413589 12.61019043027828 15.871154613889784 16.293316397190857
44.761996667329356 12.609867024671301 15.868796153756112 16.2833334889019
44.75011843808718 12.609566557551181 15.866535692333883 16.274016188202147
44.7389211650756 12.609291095616387 15.864374647890669 16.265255421568558
44.72840915087901 12.608969668266024 15.862388370309295 16.25705111230371
44.71862503637876 12.60867896624151 15.860504682521666 16.249441387615594
44.70954347744299 12.608360637989907 15.85878608438659 16.242396755066515
44.70121195932838 12.608056960019455 15.8571947576768 16.23596024163213
44.693642567917365 12.607765594897007 15.855737260770754 16.2301397122496
44.68698901071994 12.607543160842221 15.854362155575032 16.22508369430271
44.680860026550405 12.60724260704407 15.853217599190005 16.22039982031637
44.67568885934991 12.607023264178428 15.852151307736495 16.21651428743498
44.671369441294765 12.606844011669656 15.851207411763767 16.213318017861386
44.66784967772127 12.606684979186452 15.85040925042237 16.210755448112437
44.66522422353593 12.606578338311095 15.849728759824332 16.20891712540054
44.66346990678178 12.60651373963146 15.849179705575073 16.207776461575246
44.66262916877094 12.606506704861854 15.84875015778862 16.207372306120448
44.66268551195706 12.60654592624702 15.84845462677843 16.207684958931598
44.663685891034795 12.606645294443473 15.84828255603963 16.20875804055166
44.665634171830455 12.606803046480088 15.848238725314987 16.210592400035406
