111.13818916997549 11.723204612523357 21.87245992935791 77.54252462809433
111.16810529562257 11.727803724281815 21.867779418863055 77.57252215247772
111.19071248631877 11.73168356855988 21.863924217996892 77.59510469976205
111.19194536778164 11.73341178461679 21.86232553561357 77.59620804755119
111.20270755450073 11.73617595735191 21.859778693016068 77.6067529041326
111.19725900888909 11.737421596551616 21.858843599574804 77.60099381276268
111.19855911554122 11.739432352700224 21.857219710742825 77.60190705209834
111.20418484664658 11.741728683678105 21.855363194449332 77.60709296851908
111.22693534631301 11.744590748673426 21.852937036583842 77.62940756105567
111.27558093813111 11.748255123424547 21.84966598139089 77.67765983331549
111.38656737107586 11.754219499936825 21.843923947860723 77.78842392327824
111.52506391013135 11.761462496025283 21.836908119772318 77.92669329433383
111.64486986145495 11.767857154233665 21.83088772421684 78.04612498300442
111.77511389738821 11.775206281191426 21.823935250202886 78.17597236599394
111.92647638057242 11.783599276811055 21.815919627890757 78.3269574758706
112.09216486849958 11.79244973750637 21.807393581585405 78.4923215494079
112.18662389644905 11.799384445269817 21.80106641607877 78.58617303510051
112.30701893146133 11.806493529320816 21.794494906996064 78.70603049514433
112.38713841410734 11.812290591256575 21.789455254321975 78.78539256852868
112.47472512908425 11.818065438807011 21.784468266120953 78.87219142415624
112.52821509503295 11.823082831457972 21.78043159794111 78.92470066563384
112.57027153847051 11.82810159627708 21.776500335315635 78.96566960687778
112.60872799496337 11.833385587608996 21.772385280195333 79.00295712715895
112.64170451688167 11.838688911324752 21.76833322728484 79.03468237827212
112.66859544104666 11.844277086583524 21.764087827619736 79.06023052684343
112.69398839044307 11.8497933191083 21.759977482636312 79.0842175886985
112.71653019703186 11.855097025898775 21.75614339006199 79.10528978107105
112.74619803621016 11.863191438535228 21.74962957222985 79.1333770254451
112.7538449588673 11.866792046343905 21.74761626194496 79.13943665057835
112.77876502566136 11.874369252531391 21.74173710491167 79.16265866821837
112.78827377221384 11.879535324357034 21.73830988704894 79.17042856080785
