26.25032104819943 8.813164585758837 4.918772396127769 12.51838406631281
26.250757175115936 8.81666359742588 4.916370875152493 12.517722702537567
26.249675472828148 8.816447578165212 4.915788259341797 12.517439635321121
26.249221568914106 8.816142295197402 4.91529292650077 12.517786347215935
26.24867616320013 8.814521638120272 4.9154196629078335 12.518734862172026
26.24793922511518 8.811111432348326 4.91640456384309 12.520423228923779
26.24691022746155 8.805060509322411 4.918647223557223 12.52320249458194
26.24542907766572 8.794414998580717 4.9231821352885135 12.527831943796492
26.24314863408975 8.77375411634317 4.932939254335201 12.53645526341136
26.033003305892475 6.231752390618504 6.361661517766166 13.439589397507811
26.015031894928143 6.226647694976935 6.3588333674053175 13.429550832545885
25.997270185709 6.2213655668331445 6.356126179910276 13.41977843896559
25.979716743867094 6.215627594038935 6.353744018918207 13.410345130909963
25.96237236487765 6.209697483506686 6.351496358267432 13.40117852310354
25.94523651329647 6.203625671763192 6.349361817673008 13.392249023860261
25.92830832113556 6.197275365841927 6.347433405609614 13.383599549684028
25.911586183674252 6.189814225957819 6.346249484436073 13.375522473280341
25.895070184589127 6.1830039451192045 6.344675832536497 13.367390406933431
25.878758093277707 6.1753928652005925 6.343652686753546 13.359712541323578
25.862648632092338 6.167396598332667 6.342912886898288 13.352339146861397
25.846740438339197 6.159455587992078 6.342173672499839 13.345111177847272
25.831031250557846 6.150773884395607 6.341955445372933 13.338301920789307
25.815519478788346 6.141889288543344 6.341909251264238 13.331720938980764
25.800203299921225 6.1330870438118925 6.341852825170918 13.325263430938401
25.78508037285174 6.123871112259062 6.342109315309582 13.319099945283092
25.770148780286952 6.114653030781058 6.342411783672837 13.313083965833055
25.755405842409242 6.104624445492298 6.343294957924684 13.307486438992244
25.74085014747312 6.095361963437144 6.3437208963561496 13.301767287679827
25.72647847667129 6.085092133860899 6.344859382288013 13.29652696052239
25.712289252602492 6.0752378885339615 6.34577212122281 13.291279242845725
25.698279577856702 6.064762465993379 6.347146809864563 13.286370301998755
25.684447351515605 6.054184465774004 6.348641199823641 13.281621685917967
25.67079044844557 6.043905978173789 6.349988624233006 13.276895846038768
25.65730595670473 6.032942837562976 6.351844774372669 13.27251834476908
25.643991959399393 6.0220937369581495 6.353678740640734 13.268219481800529
25.630845939829836 6.011032717697724 6.355708663428043 13.264104558704085
25.61786565578121 5.999910358391826 6.357833798255565 13.260121499133826
25.605048806177102 5.988754617857483 6.360037382168198 13.256256806151397
25.59239302147565 5.97738008919045 6.362443558277219 13.252569374008008
25.579896122432565 5.965942883433286 6.36494884207987 13.249004396919402
25.567555806365352 5.954277558902585 6.367664330973792 13.245613916488967
25.55537002937676 5.942654625842722 6.370408769129427 13.242306634404608
25.54333662201691 5.931009154311018 6.373224844603227 13.239102623102664
25.531453486723866 5.919404562846212 6.376071321061778 13.23597760281585
25.519718486694988 5.9076953041952684 6.379045646273801 13.232977536225917
25.508129404583272 5.895571094899581 6.382362331984834 13.230195977698868
25.496684647219546 5.883769788107242 6.38551565991637 13.227399199195924
25.48538200083873 5.871775135651747 6.388859290745788 13.224747574441192
25.474219738529598 5.859943538550378 6.392149308060484 13.222126891918728
25.46319571969896 5.847768262716847 6.395734581936148 13.219692875045954
25.45230846561996 5.835866154366048 6.3991891602394535 13.217253151014456
25.44155586883332 5.823664130239925 6.402909811656038 13.214981926937355
25.43093643353509 5.811584677071719 6.406603521846423 13.212748234616942
25.4204484753512 5.799629785556488 6.4102688592037955 13.210549830590915
25.410089919923877 5.7871063223158155 6.414389364143389 13.208594233464673
25.39985969298511 5.774945998105547 6.418315031176332 13.206598663703225
25.38975609875622 5.762907990102628 6.422212901497893 13.204635207155683
25.379777403004642 5.750649479302885 6.426324011114355 13.202803912587417
25.369922071980064 5.738062214638814 6.430724663401467 13.20113519393978
25.360189137479882 5.72612612859719 6.434724621922853 13.19933838695985
25.3505767785552 5.7139994988957055 6.438916628015448 13.197660651644041
25.34108363220802 5.701761870961461 6.443245012834085 13.196076748412464
25.33170858270694 5.689810037539432 6.447427855125867 13.194470690041644
25.3224498657602 5.677382019859982 6.45200731484891 13.193060531051318
25.31330662061926 5.665171965216144 6.45648879376809 13.19164586163501
25.304277653775138 5.653289097854628 6.460793972352013 13.190194583568509
25.295361321141474 5.640974704338489 6.465464657487818 13.18892195931518
25.286556729885138 5.628730285333255 6.470142729763911 13.187683714787973
25.27786291477845 5.616879992707235 6.474593705406711 13.186389216664502
25.269278480623427 5.604935896882809 6.479168564731594 13.185174019009015
25.26080225471495 5.592806196635847 6.483933648931259 13.184062409147852
25.252433284635593 5.580673783018526 6.488757345549371 13.183002156067696
25.24417057882541 5.568614011117169 6.493584610513446 13.181971957194795
25.236013121475786 5.556620385162922 6.498419357973911 13.180973378338981
25.227960021922144 5.544881929052641 6.503123967980833 13.17995412488865
25.220010058312123 5.532957818316663 6.508018822656895 13.179033417338562
25.2121624335409 5.521111793987754 6.51291210210314 13.178138537449989
25.204416117538027 5.509157038443927 6.5179397588537 13.177319320240409
25.196770380420478 5.4973970438289035 6.5228796271863985 13.17649370940517
25.18922431574897 5.48576985393156 6.527775698789094 13.175678763028303
25.18177682064318 5.4738898258779 6.532912874821458 13.17497411994384
25.174427394558762 5.462335433455209 6.537863345499199 13.174228615604349
25.16717494290309 5.45064147364987 6.542970954951144 13.173562514302073
25.16001873283885 5.4389337395503565 6.548142664781788 13.172942328506696
25.15295817998012 5.427583429199785 6.553101285180736 13.172273465599602
25.14599219908034 5.416040656998656 6.558256537908976 13.171695004172705
25.139120259843466 5.404701965833248 6.563311403009991 13.171106891000216
25.132341516039904 5.393397878820163 6.568393002978738 13.170550634241007
25.125655145922586 5.3819796655914685 6.573612572570129 13.170062907760986
25.119060553299473 5.370646219482893 6.578821104951981 13.169593228864608
25.112557120510644 5.3595396871683 6.583909830343348 13.169107602999
25.10614383332318 5.34809507096209 6.5893060500892995 13.168742712271774
25.099820513470316 5.3372039169458665 6.594334178511568 13.168282418012875
25.093586211637398 5.326315470412855 6.599410393454881 13.167860347769672
25.087439906155257 5.31486314343753 6.604967487410209 13.167609275307518
25.081381656028732 5.304030687399335 6.6101022767345 13.167248691894898
25.075410472181826 5.293193975865912 6.61529048913321 13.166926007182726
25.069525826671775 5.282508913281107 6.620412332989677 13.166604580400984
25.0637269117116 5.271656294758351 6.625712337037147 13.16635827991611
25.05801321216433 5.2607701685463555 6.631087855126072 13.16615518849191
25.05238443818717 5.250384483838386 6.636126940062301 13.165873014286477
25.058013226005954 5.25846187033499 6.632873655590922 13.166677700080056
25.063726861135898 5.269165034249763 6.627637280234527 13.166924546651614
25.069525831248285 5.279780916183665 6.622515616915659 13.167229298148953
25.07541058221057 5.290587602314229 6.617296400420722 13.167526579475613
25.081381681498918 5.301657195593365 6.611925705550325 13.167798780355215
25.08743992586482 5.312715376297275 6.606614134461925 13.168110415105616
25.093585994939257 5.323652669431272 6.601445549569988 13.168487775938017
25.09982052948276 5.3344942493766085 6.596400915502158 13.168925364603982
25.10614386740032 5.345774782390941 6.591072868822617 13.16929621618677
25.112557157370183 5.356661982206769 6.586094885322638 13.169800289840778
25.119060399166457 5.368340975704603 6.580569198889208 13.170150224572636
25.1256552229911 5.379112130712143 6.575780857240376 13.170762235038564
25.132341473744006 5.390529391324833 6.570557145934582 13.171254936484585
25.13912026543948 5.401886375161021 6.5654308877204075 13.171803002558056
25.145992269294737 5.413286129364785 6.56032564997483 13.17238048995513
25.152958137205324 5.424866208511081 6.555137769267611 13.172954159426626
25.16001870292285 5.436514041914357 6.549952501884224 13.17355215912427
25.167174766386946 5.448200479987883 6.544792261894349 13.174182024504715
25.17442743103115 5.459317419501452 6.540109400916844 13.175000610612873
25.181776913886523 5.470967603552292 6.535083464749396 13.175725845584857
25.189224130142325 5.482944691121898 6.529869201632277 13.176410237388144
25.19677030762117 5.494583314465031 6.5249601813431255 13.177226811813021
25.20441594770326 5.506549667519475 6.519863841805234 13.178002438378563
25.21216241939283 5.517932166288984 6.51525183733497 13.1789784157689
25.220009982229346 5.529894324897194 6.510268518109619 13.179847139222527
25.22795990026634 5.541820779538091 6.5053662984348986 13.180772822293356
25.236013085920423 5.553778304795466 6.500497265007208 13.181737516117739
25.244170591390247 5.565602313950678 6.4957809789493375 13.182787298490227
25.252432998139945 5.578133900700811 6.490607670728183 13.183691426710949
25.26080209871492 5.58967500448484 6.486206995256753 13.18492009897332
25.26927821418894 5.601817027237781 6.481427744912512 13.186033442038656
25.277862780704204 5.613776766487203 6.476836582001329 13.187249432215662
25.28655681207176 5.625722312789241 6.472311776715833 13.188522722566677
25.29536128491718 5.6379057659582905 6.467672652499498 13.189782866459376
25.304277451939207 5.6501435910458175 6.463051433651662 13.191082427241737
25.31330668943718 5.662066715569336 6.458713055885733 13.192526917982102
25.32244994994456 5.674154372763323 6.454313412997683 13.193982164183552
25.33170847348103 5.686408518562477 6.4498525499236905 13.19544740499486
25.34108355829618 5.698765236030161 6.445376281195633 13.19694204107037
25.350576871508288 5.710602891199592 6.441326565146031 13.19864741516266
25.36018912450141 5.723060612186659 6.43689510325629 13.200233409058459
25.36992223983444 5.7351287889948885 6.432796936280636 13.201996514558909
25.379777510421793 5.74708180184536 6.428837843979356 13.203857864597087
25.389756223461 5.759180145869077 6.42483383084711 13.205742246744817
25.399859607795918 5.771845626691338 6.420489661473264 13.2075243196313
25.410089877130154 5.783908671925116 6.416627151824059 13.209554053380991
25.42044835473282 5.7958120089758545 6.412934296946088 13.211702048810869
25.430936317536734 5.808150809929733 6.408995963350585 13.21378954425641
25.44155571520274 5.820362190121016 6.405204181836826 13.215989343244912
25.45230851370257 5.8319606754529625 6.40189731374181 13.218450524507803
25.463195935435234 5.843905384430886 6.3984072213007055 13.220883329703645
25.474219891360104 5.855901117946474 6.394939948109185 13.223378825304444
25.485382015753885 5.868243649814175 6.391291256928932 13.225847109010795
25.49668460899248 5.8802059494991905 6.387963904287837 13.228514755205453
25.508129574481092 5.891794408214259 6.384951476109009 13.231383690157832
25.519718503161442 5.903638096810962 6.381821095007514 13.234259311342965
25.53145354661718 5.915408623898658 6.378798058991377 13.237246863727151
25.543336566590472 5.92741787186028 6.375669922348488 13.240248772381708
25.555370012912366 5.9389725201604096 6.372909816662171 13.243487676089778
25.567555951820307 5.95018529855755 6.37043865682223 13.246931996440532
25.579896112572598 5.961774093163719 6.367768256566638 13.250353762842257
25.592392986970022 5.973162421631564 6.365289820188972 13.253940745149489
25.605048723900676 5.984483047612869 6.362913030193086 13.257652646094705
25.617865683365004 5.99553127281982 6.36077597706665 13.261558433478546
25.63084580919208 6.006890246898348 6.358484465283652 13.265471097010074
25.643991818731344 6.017788218558248 6.356557772749484 13.269645827423611
25.65730578227482 6.0287057313797145 6.354671657700753 13.273928393194344
25.670790161613 6.039404054371308 6.352985814426059 13.278400292815624
25.68444727490825 6.049908630265861 6.351481902518861 13.283056742123543
25.698279427612494 6.060334477255282 6.350081470584493 13.287863479772719
25.712289026992725 6.07058210280821 6.348851756116543 13.292855168067979
25.726478400096074 6.080674666067554 6.347773992368149 13.298029741660383
25.740849958205295 6.0904931518987215 6.346926788795246 13.303430017511328
25.755405892447484 6.100249144226487 6.346169416147643 13.30898733207336
25.770148507838062 6.109908299192291 6.345522581779529 13.314717626866239
25.78508011364734 6.119349585031262 6.345066071632017 13.320664456984064
25.80020298578241 6.128406851396846 6.34490580450862 13.32689032987694
25.81551900646606 6.137605098725014 6.3446967914145596 13.333217116326482
25.831030610461838 6.146145157809579 6.344959676060109 13.339925776592143
25.846739575390796 6.154480228831206 6.345397192994374 13.346862153565223
25.862647622948916 6.162907655277356 6.345812245607748 13.353927722063796
25.878756850122326 6.170716542896647 6.346667661476012 13.36137264574967
25.89506859168145 6.178550927012918 6.347540402448037 13.36897726222049
25.91158455015396 6.185921968393461 6.348746859272467 13.376915722488054
25.928305932159635 6.193079393926931 6.3501226269929925 13.385103911239701
25.945233918791494 6.1999121476127685 6.351736763324286 13.393585007854432
25.962369336817694 6.20663377992852 6.353444801414646 13.402290755474528
25.97971289401021 6.213300944661682 6.355219107945084 13.411192841403446
25.997265327487856 6.219245676574364 6.357483662773552 13.420535988139937
26.01502661484129 6.224946658088126 6.359924246667286 13.430155710085872
26.032996523789645 6.230484216657056 6.362472677496095 13.440039629636486
26.05117472316491 6.2357709511772486 6.365192854495055 13.450210917492601
26.06956044666061 6.240739436837818 6.368123752982795 13.460697256839994
26.088152616104402 6.245431137579253 6.371252754251317 13.471468724273816
26.106949472211504 6.249686083167322 6.374643018741044 13.482620370303147
26.125948828162638 6.2529478212825715 6.378631341685756 13.494369665194315
26.145148615850268 6.256368661690104 6.382554945368901 13.506225008791265
26.16454564647266 6.25947191989743 6.386668805810072 13.518404920765159
26.184136010171787 6.261566547980315 6.391375625619267 13.531193836572216
26.20391587136423 6.263329412416708 6.396280620823308 13.544305838124204
