40.62637720215487 7.962557497095943 14.780431556637609 17.88338814842129
40.62382303082837 7.961733741506586 14.78119179174757 17.880897497574193
40.62183913125335 7.9611203662204595 14.781805392569865 17.878913372463053
40.62119528413326 7.960766782887441 14.782222176561802 17.878206324684008
40.62246256684587 7.960717953755907 14.782393436991208 17.87935117609875
40.625239209843365 7.960909315114087 14.78238323686225 17.88194665786702
40.63082518523143 7.961512001256982 14.78201503589336 17.887298148081037
40.63724024340829 7.96227096941128 14.781544484646558 17.89342478935046
40.64670892655732 7.963499833962924 14.780646268504395 17.90256282408998
40.65528806465544 7.9646839199742425 14.779699305576655 17.910904839104518
