50.78657949198398 10.343742964469964 14.565542849251864 25.877293678262156
50.78899537409033 10.343938549158375 14.565435560060669 25.87962126487128
50.792029028429205 10.344435814456066 14.5652366424956 25.882356571477505
50.794372716124975 10.345316718540348 14.564860489665046 25.88419550791958
50.79569971643199 10.346543201270165 14.564336168640509 25.88482034652135
50.79774566795216 10.34812512721533 14.563648558109085 25.88597198262776
50.80035542612623 10.350038749474122 14.562818385847883 25.88749829080419
50.80341564881577 10.352273656031699 14.56185163398668 25.88929035879738
50.80703096169657 10.354818495147047 14.560755464030331 25.89145700251917
50.81111947709157 10.357684854711728 14.559513415091457 25.89392120728831
50.81575658058835 10.360837466561586 14.558156440809945 25.89676267321679
50.820773538283575 10.364293399680523 14.556660256535007 25.899819882068012
50.826339610332504 10.367984243896519 14.55508769491396 25.903267671522002
50.83236961057158 10.371928030692244 14.55341448761285 25.907027092266475
50.83888933315643 10.376121120279743 14.551635042625392 25.911133170251368
50.84594204652329 10.380507216441474 14.549802344283517 25.915632485798277
50.8532964243811 10.3850968594366 14.547881882745335 25.920317682199148
50.86146164541818 10.389793188043628 14.545969183373247 25.925699274001346
50.86990212658107 10.394612436553034 14.544042255321173 25.931247434706883
50.878711450832526 10.399401765092007 14.542202048038849 25.937107637701654
50.888648304369916 10.403627151003011 14.540827067001775 25.94419408636512
50.90034321411779 10.404029699763894 14.54192024992162 25.95439326443232
50.91709244685702 10.395720739135234 14.549447514395547 25.971924193326224
50.92909940576141 10.397225297113652 14.550093429098386 25.98178067954941
50.94147780052017 10.39882977272883 14.550763017736799 25.99188501005455
50.953944821109936 10.400971613713937 14.55109741050137 26.001875796894584
50.9667345064931 10.403091119775576 14.55151368127564 26.012129705441875
50.97979284217467 10.405351382153043 14.551882898707833 26.022558561313808
50.993174352283546 10.407433297604621 14.552435092088706 26.03330596259019
51.006923155463156 10.409668580433719 14.55294783225374 26.044306742775706
51.02077870842166 10.411972942512843 14.553431322999492 26.05537444290934
51.0350068497114 10.413985108729769 14.55420046145762 26.066821279524028
51.049449881411654 10.416022592326115 14.55496666067101 26.078460628414508
51.064258062411135 10.418103059587754 14.555774291940358 26.090380710883036
51.07912863474624 10.419958872487177 14.55682650257486 26.102343259684233
51.09474498012797 10.421891245246146 14.557814089388836 26.115039645493013
51.11010777193826 10.423569629696987 14.55901340669523 26.1275247355461
51.12555901138367 10.424926122587031 14.56056365415381 26.14006923464281
51.142029555965564 10.426398909511558 14.562061580083476 26.153569066370537
51.158135833493695 10.427751201923078 14.563591802777959 26.16679282879259
51.17452015724898 10.428938419052905 14.56535066374295 26.18023107445309
51.190896227017035 10.429984720742231 14.567158024449451 26.19375348182538
51.207695677616066 10.430723547471414 14.569330778194782 26.20764135194987
51.22426626349675 10.431576121485598 14.571276413367574 26.221413728643533
51.241525411729064 10.431784440708778 14.573932425041669 26.23580854597857
51.25866222685861 10.432045691430202 14.576509148949548 26.25010738647892
51.27565652093909 10.432425218704768 14.578847861846938 26.26438344038737
51.29253117929283 10.431907231492435 14.582146477651012 26.278477470149323
51.311076331167826 10.43177344716371 14.585017856311783 26.294285027692315
51.32850726335409 10.431289907830788 14.588205220419457 26.309012135103835
51.34628148718141 10.430640113942255 14.59151968732443 26.32412168591467
51.36408128321664 10.42978588647127 14.594997832799008 26.33929756394634
51.38237390331251 10.429068346198612 14.598268286918485 26.35503727019543
51.40043619990438 10.427567056077038 14.602302330730108 26.37056681309724
51.41803920506609 10.425990995588753 14.606367867327387 26.38568034215001
51.43640031053384 10.42437758549857 14.61039490141984 26.401627823615446
51.45385136424 10.422369191963039 14.61479915743803 26.41668301483893
51.47269132874493 10.42019315623127 14.61931281766279 26.433185354850902
51.490555641846434 10.417851209446434 14.623942666538602 26.448761765861416
51.50880551995375 10.415306631108791 14.628720951441924 26.464777937403078
51.527829029817106 10.412396621548012 14.633783908473669 26.481648499795458
51.545108566340424 10.409533008112676 14.638775650948858 26.49679990727891
51.564153989283696 10.406317383003408 14.644055260225853 26.51378134605444
51.58204481111295 10.402975437823898 14.64940667441278 26.5296626988763
51.60036810505522 10.399400953671815 14.654931739805594 26.546035411577787
51.619612350916285 10.395152515662751 14.661047188000163 26.56341264725339
51.636798091527766 10.391457367332977 14.666579494966511 26.578761229228284
51.655907192144596 10.387250811850734 14.672556103058106 26.596100277235756
51.67372775783981 10.382960722859764 14.678559042210802 26.61220799276923
51.69201258748565 10.378413382040197 14.684757984929554 26.62884122051587
51.71019559149716 10.373685924545953 14.691076497753615 26.645433169197617
51.72841204630151 10.368767075934372 14.697525418142098 26.662119552225
51.74796381663786 10.36278530210248 14.704952400304412 26.680226114230923
51.764801493229115 10.358003622520949 14.711146708976948 26.695651161731213
51.78384721195681 10.352543861154015 14.717951005822577 26.713352344980162
51.801429668402776 10.347059699936363 14.724722005242942 26.729647963223428
51.8195210114336 10.341299384556645 14.731707721151617 26.746513905725344
51.837482156681034 10.335383761772691 14.738788551474244 26.763309843434122
51.85547588928155 10.329297542705358 14.745979752036785 26.780198594539375
51.875156710586445 10.321910054188368 14.754389156313291 26.798857500084793
51.89146461515731 10.31615548910693 14.76113406114473 26.814175064905676
51.91034509949966 10.309636904129317 14.768576676222464 26.83213151914783
51.92761713939878 10.303141037105865 14.775941293336524 26.848534808956384
51.94698848991752 10.295208003302644 14.784661195843594 26.867119290771242
51.963148995478875 10.288947218274384 14.791678909515168 26.88252286768932
51.98185426065696 10.28192061170651 14.799398507649117 26.9005351413014
51.998923394256515 10.274933655645725 14.80702537219703 26.91696436641375
52.01825890135102 10.266510619306118 14.816009124996842 26.935739157048044
52.03410061592175 10.259795093800843 14.823257696004543 26.951047826116312
52.05267418465225 10.252326575316738 14.831197859104316 26.969149750231193
52.07062319754611 10.2444967179628 14.83944165758564 26.98668482199767
52.08822854342195 10.236715807478486 14.84758416639674 27.00392856954665
52.10581983397768 10.228850980874498 14.85575839182126 27.02121046128189
52.12335606209287 10.220908308990696 14.86395916453244 27.038488588569702
52.14195644727319 10.21222511375536 14.87281402814034 27.056917305377528
52.157121805288014 10.204771089988807 14.880435470152012 27.071915245147203
52.17513597846594 10.196599214933666 14.888719811360977 27.08981695217132
52.191181815779636 10.18868341597556 14.89670540796814 27.105792991835965
52.210695542367965 10.179218144155671 14.906165619619644 27.125311778592692
52.227268360209216 10.171355465893948 14.914000734092983 27.141912160222226
52.243967021301756 10.163191486472838 14.922092165043889 27.158683369785045
52.22911757822761 10.170867417359245 14.91447314626258 27.1437770146058
52.21254833055796 10.178733793072524 14.906619998972307 27.127194538513127
52.19702581370016 10.186496156854627 14.89882999191544 27.11169966493014
52.18036274733524 10.194317275609267 14.89093553868099 27.09510993304495
52.163347787997225 10.202137932468395 14.882995458572973 27.078214396955854
52.14611555559859 10.209931117910903 14.87503595424324 27.06114848344443
52.1287107821837 10.217680063948961 14.867072912883458 27.04395780535127
52.111163006386946 10.22537209080665 14.85911813517824 27.026672780401995
52.09349766892921 10.232996916810789 14.851181036339035 27.009319715779384
52.075737617076896 10.240545901808995 14.843269404190268 26.991922311077644
52.05790309886062 10.248011596034733 14.835389851028403 26.974501651797517
52.04001153557519 10.25538744847768 14.82754810637331 26.957075980724134
52.02207734353644 10.262667613930539 14.819749211543096 26.939660518062738
52.004111901022775 10.269846818551965 14.811997656135658 26.922267426335143
51.986123695476245 10.276920255199528 14.804297485045975 26.904905955230742
51.96571041700882 10.284411444661295 14.796120821329863 26.885178151017655
51.94895259160798 10.291071758960415 14.788723836492254 26.869156996155304
51.929222991594486 10.29814825542562 14.780849942222327 26.85022479394657
51.91102513648863 10.304848872980205 14.773296206385956 26.83288005712244
51.89274929758499 10.311403119976118 14.765830740414328 26.815515437194527
51.874588586914854 10.317795195236558 14.758468924289408 26.798324467388895
51.85648662838621 10.324036059900395 14.751199204845639 26.781251363640177
51.837395884294914 10.330424880390062 14.743718131471953 26.763252872432925
51.81845367031887 10.336671784746397 14.736317129162469 26.745464756409973
51.800337468077174 10.342557142319379 14.729217957226565 26.728562368531236
51.78131799277837 10.348824745657655 14.721662505211361 26.71083074190938
51.763574959282664 10.354150312179716 14.714999824229249 26.69442482287369
51.744698874638615 10.360266846059034 14.707460732286322 26.676971296293225
51.72732652925713 10.365091762064148 14.701174225942244 26.66106054125074
51.709662616018505 10.369947393679588 14.694795710551562 26.644919511787307
51.69105683368831 10.375493611487931 14.687640419124802 26.627922803075542
51.674307926146 10.379705430132232 14.681786688302134 26.612815807711627
51.65544007647765 10.384176474550165 14.675604921169592 26.595658680757875
51.63692080866801 10.388979463341498 14.669010438249124 26.578930907077357
51.62013799434662 10.392714282147411 14.66345032805433 26.5639733841449
51.60117336857859 10.396630906835988 14.657640584366254 26.546901877376296
51.58344436214786 10.400265222863485 14.652056526425337 26.531122612859036
51.56526296201971 10.403760348914465 14.646551906772254 26.514950706333003
51.546759404532416 10.407271867290802 14.640959411298956 26.498528125942663
51.52859513915794 10.410314146337294 14.635791138972753 26.482489853847905
51.510622319596166 10.413168508498051 14.63075522895904 26.46669858213908
51.49247737158147 10.415836466660357 14.625850062444478 26.4507908424766
51.474341239788615 10.418297588895086 14.621097485228367 26.434946165665117
51.45619901244277 10.420547786492437 14.616502779746867 26.419148446203458
51.43807362754912 10.422583695235467 14.612070702849515 26.403419229464117
51.41997315812734 10.424403454054152 14.60780460055679 26.38776510351644
51.4019067475335 10.42600571363034 14.603707426989649 26.37219360691347
51.384865742628826 10.427441688196236 14.59973612688217 26.35768792755037
51.36709866779996 10.428657437010479 14.595939319647977 26.34250191114152
51.34869030579804 10.429574653921598 14.592393558566286 26.326722093310178
51.33146390701657 10.430398866846406 14.58890470819552 26.31216033197462
51.31319433678331 10.430866441184644 14.585728556986274 26.296599338612378
51.29611655322843 10.431298939300751 14.582555907253598 26.282261706674106
51.27870576568277 10.431489032636232 14.579590980781191 26.267625752265353
51.261377899452874 10.431464595579971 14.576808877317184 26.253104426555737
51.244144041074925 10.431233342226953 14.574204482820651 26.23870621602732
51.22624371957201 10.430513922984176 14.57205651518123 26.223673281406604
51.20973072554953 10.43000441381431 14.569681060106879 26.21004525162833
51.19239186357774 10.428959270528685 14.567816092113796 26.195616500935316
51.17563553765146 10.427822360225505 14.566025879538726 26.1817872978872
51.15945822470302 10.42679092194847 14.564119997288739 26.168547305465808
51.142858439955255 10.425246889663795 14.562712945712816 26.154898604578623
51.126752313206225 10.423711312951612 14.561291801673057 26.141749198581557
51.110847783711684 10.422003818350154 14.560039087531361 26.128804877830177
51.095277189185694 10.420271007239947 14.558812668778728 26.116193513167037
51.07985439856638 10.418351708964135 14.55777639104233 26.103726298559884
51.064633105569264 10.416244576689476 14.55693514347005 26.09145338540974
51.04970231237043 10.414038957379297 14.556203772312898 26.079459582678254
51.0350327562918 10.411691752889965 14.555629100072267 26.067711903329574
51.02067915450073 10.409271522975258 14.555146819591467 26.05626081193403
51.00663111610584 10.406767975033796 14.554771267580872 26.045091873491153
50.99287720174058 10.404116238041665 14.554571210803498 26.034189752895387
50.979495299758476 10.401472726849015 14.554395038487844 26.023627534421642
50.96643820056277 10.398758687970108 14.554325594048622 26.013353918544052
50.95372954428339 10.395930380955207 14.554410710481102 26.003388452847073
50.94142194611724 10.393048223280596 14.554594560933444 25.9937791619032
50.92950518692953 10.3902117229631 14.554782767939939 25.984510696026486
50.9179616047211 10.387351603539319 14.555049003840267 25.97556099734153
50.90681341360901 10.384483942117908 14.555381968296732 25.966947503194397
50.89604850388489 10.381638210368866 14.555757456143171 25.95865283737289
50.88583834792845 10.378642465296588 14.556349077461787 25.950846805170066
50.876129418275504 10.375799926560338 14.556862008084565 25.943467483630524
50.866640038575476 10.373120261867793 14.557293009071888 25.936226767635763
50.85772641173897 10.370307309497043 14.557938423474809 25.929480678767153
50.849307580986725 10.367635657168881 14.558532602146286 25.923139321671577
50.84128932053153 10.365055962368652 14.559129496016318 25.91710386214657
50.83376762839881 10.362563692193264 14.559738703559944 25.9114652326456
50.82688399477253 10.36015100457375 14.560371888317386 25.906361101881398
50.8208400424354 10.357875441258814 14.560968855326903 25.901995745849696
50.81534065332053 10.355599817382656 14.561683047372323 25.89805778856561
50.81002270488169 10.353622285226038 14.56222235107822 25.894178068577425
50.80559136955844 10.35161633548328 14.562913291634185 25.89106174244094
50.801730364929746 10.349968015996476 14.563373293669873 25.888389055263403
50.798553127968944 10.348312598619625 14.563981355543019 25.886259173806273
50.79543611842379 10.347084728978597 14.564311155314337 25.88404023413091
50.79309706847368 10.345911435457014 14.564735614268555 25.88245001874804
50.79150442916874 10.345000579655192 14.56505039712685 25.881453452386744
50.790128920372545 10.344355788612763 14.565265271100552 25.880507860659236
50.78919192146074 10.34395508928671 14.565404849473863 25.87983198270016
50.789072980306706 10.343828533649981 14.565440854191133 25.87980359246563
